46.2500000000	10.0000000000	0.0053583900	0.0000008214	0.0000000000	0.0000008361	0.0000000000
46.2400000000	9.9000000000	0.0053161100	0.0000008361	0.0000000212	0.0000008366	1.4880000000
46.2400000000	9.8000000000	0.0052753300	0.0000008149	0.0000000000	0.0000008361	0.0000000000
46.2300000000	9.7000000000	0.0052329100	0.0000008149	-0.0000000214	0.0000007935	0.0000000000
46.2200000000	9.6000000000	0.0051905700	0.0000008149	-0.0000000214	0.0000008431	-1.8780000000
46.2200000000	9.5000000000	0.0051483300	0.0000007937	-0.0000000042	0.0000008151	-1.5000000000
46.2200000000	9.4000000000	0.0051066600	0.0000008144	-0.0000000428	0.0000008373	-1.4640000000
46.2200000000	9.3000000000	0.0050628800	0.0000008214	-0.0000000428	0.0000008161	-4.4880000000
46.2200000000	9.2000000000	0.0050192100	0.0000008426	0.0000000212	0.0000008643	1.4160000000
46.2100000000	9.1000000000	0.0049775800	0.0000008214	0.0000000212	0.0000007940	1.5420000000
46.2100000000	9.0000000000	0.0049336200	0.0000008575	0.0000000426	0.0000008438	3.3300000000
46.2000000000	8.9000000000	0.0048893100	0.0000008426	0.0000000000	0.0000008363	-1.5000000000
46.2000000000	8.8000000000	0.0048457900	0.0000008361	0.0000000426	0.0000008585	2.8500000000
46.2000000000	8.7000000000	0.0048035800	0.0000008361	0.0000000212	0.0000008154	0.1140000000
46.2000000000	8.6000000000	0.0047604500	0.0000008415	0.0000000277	0.0000008161	2.9940000000
46.1900000000	8.5000000000	0.0047155300	0.0000008789	0.0000000212	0.0000008789	0.0000000000
46.1800000000	8.4000000000	0.0046719300	0.0000008575	0.0000000000	0.0000008580	1.4220000000
46.1800000000	8.3000000000	0.0046279100	0.0000008575	0.0000000000	0.0000008643	-1.4160000000
46.1800000000	8.2000000000	0.0045843400	0.0000008363	0.0000000000	0.0000008217	1.5000000000
46.1800000000	8.1000000000	0.0045392800	0.0000008575	-0.0000000214	0.0000008578	-1.4520000000
46.1800000000	8.0000000000	0.0044941900	0.0000009001	0.0000000212	0.0000008789	0.0000000000
46.1800000000	7.9000000000	0.0044496300	0.0000008575	0.0000000000	0.0000008789	0.0000000000
46.1700000000	7.8000000000	0.0044053500	0.0000008789	-0.0000000214	0.0000008578	-1.4220000000
46.1600000000	7.7000000000	0.0043598600	0.0000009001	0.0000000000	0.0000009281	0.0000000000
46.1500000000	7.6000000000	0.0043150500	0.0000009004	0.0000000212	0.0000008857	1.3800000000
46.1500000000	7.5000000000	0.0042703400	0.0000008789	0.0000000000	0.0000009001	0.0000000000
46.1500000000	7.4000000000	0.0042241800	0.0000008640	0.0000000638	0.0000008387	4.3740000000
46.1500000000	7.3000000000	0.0041777900	0.0000008575	0.0000000426	0.0000008650	2.8260000000
46.1500000000	7.2000000000	0.0041335900	0.0000008789	-0.0000000214	0.0000008429	-1.4520000000
46.1400000000	7.1000000000	0.0040887800	0.0000009066	-0.0000000428	0.0000009281	-1.3140000000
46.1400000000	7.0000000000	0.0040422500	0.0000009066	-0.0000000214	0.0000008857	-2.7600000000
46.1300000000	6.9000000000	0.0039953000	0.0000008852	0.0000000000	0.0000009006	1.3560000000
46.1300000000	6.8000000000	0.0039479200	0.0000008789	-0.0000000214	0.0000008794	-2.7780000000
46.1300000000	6.7000000000	0.0039015700	0.0000009281	0.0000000212	0.0000009269	2.6520000000
46.1300000000	6.6000000000	0.0038534700	0.0000009215	0.0000000212	0.0000009050	0.0000000000
46.1300000000	6.5000000000	0.0038058400	0.0000009215	0.0000000212	0.0000009071	1.3560000000
46.1300000000	6.4000000000	0.0037586700	0.0000009278	0.0000000000	0.0000009281	-1.3140000000
46.1300000000	6.3000000000	0.0037101500	0.0000009064	0.0000000212	0.0000008857	1.3800000000
46.1200000000	6.2000000000	0.0036618000	0.0000009001	-0.0000000214	0.0000009281	-1.2960000000
46.1200000000	6.1000000000	0.0036137100	0.0000009707	0.0000000000	0.0000009281	0.0000000000
46.1200000000	6.0000000000	0.0035649300	0.0000009493	0.0000000212	0.0000009709	0.0000000000
46.1100000000	5.9000000000	0.0035141200	0.0000009493	0.0000000212	0.0000009502	2.9640000000
46.1100000000	5.8000000000	0.0034652700	0.0000009427	0.0000000212	0.0000009218	0.0000000000
46.1100000000	5.7000000000	0.0034155400	0.0000009921	0.0000000426	0.0000009728	3.7740000000
46.1100000000	5.6000000000	0.0033649000	0.0000009984	0.0000000000	0.0000010347	0.0000000000
46.1100000000	5.5000000000	0.0033128400	0.0000010133	-0.0000000214	0.0000009921	-1.2300000000
46.1100000000	5.4000000000	0.0032618900	0.0000010410	0.0000000212	0.0000010559	0.0000000000
46.1100000000	5.3000000000	0.0032107200	0.0000010133	-0.0000000065	0.0000010366	0.0000000000
46.1100000000	5.2000000000	0.0031569200	0.0000010133	0.0000000000	0.0000010347	0.0000000000
46.1100000000	5.1000000000	0.0031037500	0.0000010559	0.0000000212	0.0000010135	1.2300000000
46.1100000000	5.0000000000	0.0030495500	0.0000010836	0.0000000489	0.0000011283	3.2520000000
46.1100000000	4.9000000000	0.0029948400	0.0000010559	0.0000000212	0.0000010347	0.0000000000
46.1100000000	4.8000000000	0.0029410000	0.0000010559	0.0000000277	0.0000010349	1.3380000000
46.1100000000	4.7000000000	0.0028859100	0.0000011264	0.0000000212	0.0000010990	1.4400000000
46.1100000000	4.6000000000	0.0028300600	0.0000011050	-0.0000000428	0.0000011420	-2.1420000000
46.1100000000	4.5000000000	0.0027721800	0.0000011476	-0.0000000214	0.0000011479	-1.3860000000
46.1100000000	4.4000000000	0.0027148400	0.0000011050	0.0000000000	0.0000011264	1.0860000000
46.1100000000	4.3000000000	0.0026569600	0.0000011264	0.0000000212	0.0000011476	0.0000000000
46.1100000000	4.2000000000	0.0025974300	0.0000011413	0.0000000212	0.0000011423	2.1420000000
46.1000000000	4.1000000000	0.0025384500	0.0000011476	-0.0000000214	0.0000011700	-2.0880000000
46.1000000000	4.0000000000	0.0024791000	0.0000011691	0.0000000212	0.0000011264	1.0860000000
46.1100000000	3.9000000000	0.0024178300	0.0000011905	0.0000000000	0.0000011905	-1.0260000000
46.1100000000	3.8000000000	0.0023573100	0.0000012117	0.0000000212	0.0000012126	2.0160000000
46.1100000000	3.7000000000	0.0022953900	0.0000011693	0.0000000000	0.0000012117	0.0000000000
46.1100000000	3.6000000000	0.0022343400	0.0000012119	0.0000000000	0.0000011839	1.0440000000
46.1100000000	3.5000000000	0.0021717800	0.0000011479	-0.0000000065	0.0000011902	0.0000000000
46.1100000000	3.4000000000	0.0021100100	0.0000011902	0.0000000277	0.0000011481	1.3860000000
46.1100000000	3.3000000000	0.0020482700	0.0000011905	0.0000000261	0.0000012126	2.0160000000
46.1100000000	3.2000000000	0.0019865700	0.0000011905	-0.0000000214	0.0000011691	-1.0440000000
46.1100000000	3.1000000000	0.0019250900	0.0000011902	0.0000000000	0.0000012331	0.0000000000
46.1100000000	3.0000000000	0.0018617100	0.0000011905	0.0000000426	0.0000011486	2.1420000000
46.1100000000	2.9000000000	0.0018004700	0.0000012117	0.0000000426	0.0000012335	1.9740000000
46.1100000000	2.8000000000	0.0017380900	0.0000012117	-0.0000000428	0.0000012126	-2.0400000000
46.1100000000	2.7000000000	0.0016756100	0.0000012182	-0.0000000214	0.0000012545	-0.9720000000
46.1100000000	2.6000000000	0.0016135100	0.0000012117	-0.0000000428	0.0000012126	-3.0240000000
46.1100000000	2.5000000000	0.0015517400	0.0000011902	0.0000000000	0.0000012273	0.5160000000
46.1100000000	2.4000000000	0.0014894300	0.0000012119	-0.0000000214	0.0000011914	-2.0520000000
46.1100000000	2.3000000000	0.0014273000	0.0000012117	0.0000000212	0.0000012333	0.9900000000
46.1100000000	2.2000000000	0.0013655700	0.0000012079	-0.0000000214	0.0000011905	-1.3320000000
46.1100000000	2.1000000000	0.0013030500	0.0000011902	0.0000000000	0.0000011907	1.0260000000
46.1100000000	2.0000000000	0.0012405200	0.0000012331	-0.0000000165	0.0000012333	-1.2780000000
46.1100000000	1.9000000000	0.0011779300	0.0000012117	0.0000000212	0.0000012189	2.2440000000
46.1100000000	1.8000000000	0.0011156200	0.0000011902	-0.0000000428	0.0000012126	-2.0160000000
46.1100000000	1.7000000000	0.0010540300	0.0000012182	0.0000000175	0.0000011905	1.0440000000
46.1100000000	1.6000000000	0.0009920100	0.0000012119	-0.0000000214	0.0000012547	-1.8120000000
46.1100000000	1.5000000000	0.0009287400	0.0000011902	0.0000000000	0.0000011628	0.0000000000
46.1100000000	1.4000000000	0.0008672500	0.0000012119	0.0000000000	0.0000012331	-0.9900000000
46.1100000000	1.3000000000	0.0008047700	0.0000012182	0.0000000212	0.0000011909	2.0520000000
46.1100000000	1.2000000000	0.0007428200	0.0000011902	0.0000000212	0.0000012331	0.0000000000
46.1100000000	1.1000000000	0.0006799400	0.0000011905	0.0000000212	0.0000011479	1.3320000000
46.1100000000	1.0000000000	0.0006177000	0.0000011691	-0.0000000214	0.0000012119	-1.0080000000
46.1100000000	0.9000000000	0.0005562500	0.0000012182	-0.0000000142	0.0000011905	-1.0260000000
46.1100000000	0.8000000000	0.0004934800	0.0000011905	0.0000000000	0.0000012331	0.0000000000
46.1100000000	0.7000000000	0.0004312800	0.0000012117	0.0000000000	0.0000011907	-1.0260000000
46.1100000000	0.6000000000	0.0003689300	0.0000011905	0.0000000212	0.0000012331	0.9900000000
46.1100000000	0.5000000000	0.0003063400	0.0000011842	0.0000000212	0.0000011481	2.1300000000
46.1100000000	0.4000000000	0.0002444600	0.0000011902	0.0000000426	0.0000011702	3.1320000000
46.1100000000	0.3000000000	0.0001820800	0.0000012117	-0.0000000428	0.0000012128	-3.0720000000
46.1100000000	0.2000000000	0.0001202400	0.0000012117	0.0000000426	0.0000012126	2.3220000000
46.1100000000	0.1000000000	0.0000579700	0.0000012182	-0.0000000214	0.0000012333	-1.9800000000
46.1100000000	0.0000000000	-0.0000041600	0.0000011902	0.0000000000	0.0000012117	0.0000000000
