54.7300000000	10.0000000000	0.0047027100	0.0000008277	0.0000000000	0.0000007935	0.0000000000
54.7300000000	9.9000000000	0.0046597600	0.0000007937	0.0000000000	0.0000008363	0.0000000000
54.7400000000	9.8000000000	0.0046159100	0.0000008149	0.0000000212	0.0000007940	1.3860000000
54.7500000000	9.7000000000	0.0045730300	0.0000008149	0.0000000212	0.0000008373	2.9220000000
54.7600000000	9.6000000000	0.0045287500	0.0000008149	-0.0000000214	0.0000007937	-0.4560000000
54.7600000000	9.5000000000	0.0044848000	0.0000008403	0.0000000000	0.0000008578	0.0000000000
54.7700000000	9.4000000000	0.0044416300	0.0000008149	-0.0000000214	0.0000008154	-1.5000000000
54.7800000000	9.3000000000	0.0043962800	0.0000008226	0.0000000212	0.0000008151	3.0540000000
54.7800000000	9.2000000000	0.0043523600	0.0000008361	-0.0000000214	0.0000008151	-1.5000000000
54.7800000000	9.1000000000	0.0043085100	0.0000008149	0.0000000212	0.0000008156	2.9940000000
54.7900000000	9.0000000000	0.0042641000	0.0000008212	-0.0000000277	0.0000008373	-2.9760000000
54.8000000000	8.9000000000	0.0042201800	0.0000008214	0.0000000000	0.0000008361	0.0000000000
54.8100000000	8.8000000000	0.0041748700	0.0000007937	-0.0000000214	0.0000007940	-1.5360000000
54.8100000000	8.7000000000	0.0041308800	0.0000008361	0.0000000212	0.0000008151	1.5420000000
54.8100000000	8.6000000000	0.0040862400	0.0000008361	0.0000000000	0.0000008575	-1.3140000000
54.8300000000	8.5000000000	0.0040422500	0.0000008149	0.0000000161	0.0000008002	1.5420000000
54.8300000000	8.4000000000	0.0039972600	0.0000008426	-0.0000000170	0.0000008366	-1.4640000000
54.8300000000	8.3000000000	0.0039515600	0.0000008575	0.0000000212	0.0000008857	1.3920000000
54.8400000000	8.2000000000	0.0039071800	0.0000008361	0.0000000000	0.0000008431	-1.4520000000
54.8500000000	8.1000000000	0.0038623600	0.0000008361	0.0000000426	0.0000008377	3.3540000000
54.8500000000	8.0000000000	0.0038172700	0.0000008363	0.0000000212	0.0000008585	2.8500000000
54.8600000000	7.9000000000	0.0037711000	0.0000008575	0.0000000000	0.0000008361	0.0000000000
54.8600000000	7.8000000000	0.0037258900	0.0000008575	-0.0000000214	0.0000008794	-1.8120000000
54.8700000000	7.7000000000	0.0036803300	0.0000008640	-0.0000000214	0.0000008578	-1.4220000000
54.8800000000	7.6000000000	0.0036350900	0.0000008626	0.0000000212	0.0000008792	1.3920000000
54.8800000000	7.5000000000	0.0035896400	0.0000008640	0.0000000212	0.0000008366	1.4640000000
54.8800000000	7.4000000000	0.0035422900	0.0000008640	0.0000000426	0.0000009025	2.6940000000
54.8900000000	7.3000000000	0.0034959500	0.0000008638	0.0000000212	0.0000008580	2.1960000000
54.9000000000	7.2000000000	0.0034492400	0.0000009066	-0.0000000214	0.0000009071	-2.6940000000
54.9000000000	7.1000000000	0.0034025700	0.0000008640	0.0000000212	0.0000009006	2.7120000000
54.9100000000	7.0000000000	0.0033554100	0.0000008789	0.0000000000	0.0000008575	0.0000000000
54.9200000000	6.9000000000	0.0033086300	0.0000009004	0.0000000212	0.0000008857	1.3800000000
54.9200000000	6.8000000000	0.0032620300	0.0000009066	-0.0000000214	0.0000008857	-1.3920000000
54.9200000000	6.7000000000	0.0032148000	0.0000008852	0.0000000212	0.0000009071	1.3500000000
54.9200000000	6.6000000000	0.0031675200	0.0000008640	0.0000000000	0.0000008852	0.0000000000
54.9400000000	6.5000000000	0.0031212800	0.0000008640	0.0000000000	0.0000008575	0.0000000000
54.9400000000	6.4000000000	0.0030744000	0.0000008852	-0.0000000428	0.0000009011	-3.1140000000
54.9400000000	6.3000000000	0.0030273400	0.0000009066	0.0000000212	0.0000008857	1.3920000000
54.9500000000	6.2000000000	0.0029794900	0.0000009001	0.0000000000	0.0000009066	1.3440000000
54.9500000000	6.1000000000	0.0029322900	0.0000009004	-0.0000000214	0.0000008857	-1.8000000000
54.9600000000	6.0000000000	0.0028851600	0.0000009004	0.0000000426	0.0000009288	2.6340000000
54.9700000000	5.9000000000	0.0028374500	0.0000009001	-0.0000000214	0.0000008792	-1.3920000000
54.9700000000	5.8000000000	0.0027896100	0.0000009066	0.0000000000	0.0000009215	-0.0300000000
54.9700000000	5.7000000000	0.0027415100	0.0000009064	0.0000000212	0.0000009071	1.3500000000
54.9700000000	5.6000000000	0.0026934800	0.0000008789	-0.0000000310	0.0000008794	-1.8000000000
54.9700000000	5.5000000000	0.0026454900	0.0000008852	-0.0000000428	0.0000008799	-2.7780000000
54.9900000000	5.4000000000	0.0025976500	0.0000009001	-0.0000000088	0.0000009071	-1.3500000000
54.9900000000	5.3000000000	0.0025490500	0.0000009281	0.0000000426	0.0000009076	3.0960000000
54.9900000000	5.2000000000	0.0025003800	0.0000009215	0.0000000212	0.0000009281	1.3140000000
55.0000000000	5.1000000000	0.0024519700	0.0000009281	0.0000000000	0.0000009493	0.0000000000
55.0100000000	5.0000000000	0.0024030100	0.0000009427	-0.0000000214	0.0000009281	-1.3200000000
55.0200000000	4.9000000000	0.0023546000	0.0000009066	-0.0000000214	0.0000009427	0.0000000000
55.0200000000	4.8000000000	0.0023054600	0.0000009281	-0.0000000214	0.0000009281	-1.7160000000
55.0200000000	4.7000000000	0.0022569000	0.0000009066	-0.0000000214	0.0000009215	0.0000000000
55.0200000000	4.6000000000	0.0022083800	0.0000009281	0.0000000000	0.0000009218	-1.3260000000
55.0400000000	4.5000000000	0.0021595700	0.0000009215	0.0000000007	0.0000009395	1.3200000000
55.0400000000	4.4000000000	0.0021105400	0.0000009066	-0.0000000214	0.0000009071	-1.3500000000
55.0400000000	4.3000000000	0.0020625200	0.0000009066	0.0000000000	0.0000009006	1.3560000000
55.0400000000	4.2000000000	0.0020134600	0.0000009281	-0.0000000214	0.0000009495	-1.2840000000
55.0400000000	4.1000000000	0.0019647500	0.0000009215	0.0000000000	0.0000008920	0.0000000000
55.0500000000	4.0000000000	0.0019163400	0.0000009493	0.0000000000	0.0000009642	0.0000000000
55.0600000000	3.9000000000	0.0018673100	0.0000009066	0.0000000000	0.0000009215	1.3140000000
55.0600000000	3.8000000000	0.0018197500	0.0000009066	-0.0000000428	0.0000009225	-2.6520000000
55.0600000000	3.7000000000	0.0017710500	0.0000009427	0.0000000000	0.0000009064	0.0000000000
55.0700000000	3.6000000000	0.0017219200	0.0000009234	0.0000000212	0.0000009493	1.2900000000
55.0700000000	3.5000000000	0.0016737100	0.0000009281	0.0000000212	0.0000009493	1.2840000000
55.0900000000	3.4000000000	0.0016248700	0.0000009218	0.0000000212	0.0000009281	1.2960000000
55.0900000000	3.3000000000	0.0015773800	0.0000009281	0.0000000212	0.0000009006	1.3800000000
55.0900000000	3.2000000000	0.0015283900	0.0000009215	0.0000000212	0.0000009495	1.6800000000
55.1000000000	3.1000000000	0.0014805400	0.0000009066	-0.0000000214	0.0000009059	-1.3500000000
55.1000000000	3.0000000000	0.0014316600	0.0000009066	0.0000000277	0.0000009076	2.6940000000
55.1100000000	2.9000000000	0.0013839900	0.0000009001	0.0000000000	0.0000008852	0.0000000000
55.1100000000	2.8000000000	0.0013356500	0.0000009066	0.0000000212	0.0000009071	2.6940000000
55.1100000000	2.7000000000	0.0012874400	0.0000009218	0.0000000000	0.0000009006	-1.3560000000
55.1200000000	2.6000000000	0.0012396700	0.0000009281	0.0000000000	0.0000009493	1.2840000000
55.1300000000	2.5000000000	0.0011916400	0.0000009066	-0.0000000065	0.0000009006	-1.3800000000
55.1400000000	2.4000000000	0.0011430100	0.0000009215	0.0000000426	0.0000009225	2.6940000000
55.1400000000	2.3000000000	0.0010952700	0.0000009218	0.0000000000	0.0000009278	-1.3200000000
55.1400000000	2.2000000000	0.0010474300	0.0000009281	0.0000000212	0.0000009218	1.3260000000
55.1400000000	2.1000000000	0.0009995100	0.0000009066	-0.0000000030	0.0000009281	-1.2960000000
55.1400000000	2.0000000000	0.0009511600	0.0000009281	0.0000000000	0.0000009066	0.0000000000
55.1400000000	1.9000000000	0.0009033900	0.0000009215	0.0000000000	0.0000009493	0.3840000000
55.1500000000	1.8000000000	0.0008551800	0.0000009281	0.0000000000	0.0000009064	1.3500000000
55.1600000000	1.7000000000	0.0008074800	0.0000009066	0.0000000000	0.0000009493	0.0000000000
55.1600000000	1.6000000000	0.0007601300	0.0000009281	0.0000000000	0.0000009001	0.0000000000
55.1600000000	1.5000000000	0.0007120700	0.0000009215	0.0000000000	0.0000009493	0.0000000000
55.1600000000	1.4000000000	0.0006643700	0.0000009267	0.0000000000	0.0000009004	-1.3560000000
55.1700000000	1.3000000000	0.0006162000	0.0000009001	0.0000000212	0.0000009218	1.3140000000
55.1700000000	1.2000000000	0.0005690700	0.0000009066	0.0000000000	0.0000008789	1.3920000000
55.1700000000	1.1000000000	0.0005211900	0.0000009001	0.0000000212	0.0000009220	1.7040000000
55.1800000000	1.0000000000	0.0004735200	0.0000009353	0.0000000000	0.0000009001	0.0000000000
55.1800000000	0.9000000000	0.0004256000	0.0000009066	-0.0000000279	0.0000009283	-2.2560000000
55.1800000000	0.8000000000	0.0003780000	0.0000009267	0.0000000000	0.0000008852	-1.3800000000
55.1800000000	0.7000000000	0.0003307600	0.0000009066	0.0000000212	0.0000009218	1.7280000000
55.1800000000	0.6000000000	0.0002827000	0.0000009066	0.0000000000	0.0000008789	0.0000000000
55.1800000000	0.5000000000	0.0002349300	0.0000009215	0.0000000212	0.0000009285	2.6340000000
55.1800000000	0.4000000000	0.0001872600	0.0000009281	0.0000000212	0.0000009071	0.0000000000
55.1800000000	0.3000000000	0.0001393800	0.0000009066	0.0000000426	0.0000009290	2.6340000000
55.1900000000	0.2000000000	0.0000921400	0.0000007935	0.0000000193	0.0000008361	0.0000000000
55.1800000000	0.1000000000	0.0000437200	-0.0000000915	0.0000005038	0.0000004878	35.1720000000
55.1700000000	0.0000000000	-0.0000039500	-0.0000003551	0.0000019078	0.0000027877	134.0520000000
