48.3400000000	10.0000000000	0.0052012400	0.0000007723	0.0000000000	0.0000007935	-1.5420000000
48.3500000000	9.9000000000	0.0051605400	0.0000007937	0.0000000000	0.0000007658	0.0000000000
48.3500000000	9.8000000000	0.0051191500	0.0000007935	0.0000000212	0.0000007940	1.5420000000
48.3400000000	9.7000000000	0.0050774500	0.0000007721	0.0000000061	0.0000007725	1.5840000000
48.3400000000	9.6000000000	0.0050365300	0.0000007721	-0.0000000214	0.0000007940	-2.0100000000
48.3400000000	9.5000000000	0.0049956800	0.0000007935	0.0000000212	0.0000007940	1.5840000000
48.3400000000	9.4000000000	0.0049546200	0.0000007935	0.0000000000	0.0000007968	0.0000000000
48.3400000000	9.3000000000	0.0049122000	0.0000007935	0.0000000000	0.0000007721	0.0000000000
48.3400000000	9.2000000000	0.0048704900	0.0000007935	0.0000000000	0.0000008149	1.1940000000
48.3300000000	9.1000000000	0.0048317500	0.0000008149	0.0000000277	0.0000008154	2.4240000000
48.3300000000	9.0000000000	0.0047905100	0.0000007935	-0.0000000214	0.0000008151	-1.5000000000
48.3300000000	8.9000000000	0.0047482400	0.0000008149	-0.0000000214	0.0000008161	-2.9940000000
48.3300000000	8.8000000000	0.0047051000	0.0000007935	0.0000000212	0.0000008151	1.5000000000
48.3300000000	8.7000000000	0.0046639300	0.0000008149	0.0000000275	0.0000007940	1.5720000000
48.3300000000	8.6000000000	0.0046221900	0.0000007937	0.0000000212	0.0000008161	2.9760000000
48.3300000000	8.5000000000	0.0045822700	0.0000008361	-0.0000000214	0.0000008156	-2.9940000000
48.3400000000	8.4000000000	0.0045376800	0.0000008149	0.0000000277	0.0000008373	2.8980000000
48.3400000000	8.3000000000	0.0044951500	0.0000008575	0.0000000000	0.0000008789	-0.2700000000
48.3300000000	8.2000000000	0.0044512300	0.0000008361	0.0000000000	0.0000008361	1.4580000000
48.3300000000	8.1000000000	0.0044106300	0.0000008426	0.0000000000	0.0000008363	0.0000000000
48.3300000000	8.0000000000	0.0043680000	0.0000008149	0.0000000212	0.0000008217	1.4640000000
48.3300000000	7.9000000000	0.0043241900	0.0000008363	0.0000000212	0.0000008366	0.2160000000
48.3300000000	7.8000000000	0.0042806300	0.0000007935	0.0000000638	0.0000008172	4.3740000000
48.3300000000	7.7000000000	0.0042379600	0.0000007721	-0.0000000428	0.0000007940	-3.0780000000
48.3300000000	7.6000000000	0.0041950400	0.0000008361	0.0000000212	0.0000008154	1.4280000000
48.3300000000	7.5000000000	0.0041518700	0.0000008363	0.0000000000	0.0000008575	1.4220000000
48.3300000000	7.4000000000	0.0041083100	0.0000008214	0.0000000121	0.0000008151	1.5000000000
48.3300000000	7.3000000000	0.0040651800	0.0000008789	0.0000000000	0.0000008640	-1.4220000000
48.3300000000	7.2000000000	0.0040197200	0.0000008363	-0.0000000428	0.0000008214	-1.5000000000
48.3300000000	7.1000000000	0.0039778000	0.0000007935	-0.0000000463	0.0000008163	-4.4880000000
48.3300000000	7.0000000000	0.0039319200	0.0000008426	-0.0000000214	0.0000008366	-1.9380000000
48.3300000000	6.9000000000	0.0038881400	0.0000008852	0.0000000212	0.0000009071	0.2820000000
48.3300000000	6.8000000000	0.0038443000	0.0000008789	0.0000000212	0.0000008587	2.8500000000
48.3300000000	6.7000000000	0.0037984900	0.0000008640	0.0000000212	0.0000008792	1.3920000000
48.3300000000	6.6000000000	0.0037536000	0.0000008789	0.0000000212	0.0000008431	1.4640000000
48.3300000000	6.5000000000	0.0037083300	0.0000009001	0.0000000212	0.0000009218	1.3260000000
48.3300000000	6.4000000000	0.0036628700	0.0000008852	0.0000000212	0.0000008578	1.4340000000
48.3300000000	6.3000000000	0.0036174200	0.0000008575	0.0000000212	0.0000008645	2.7780000000
48.3300000000	6.2000000000	0.0035719700	0.0000008852	0.0000000000	0.0000008640	-0.3240000000
48.3300000000	6.1000000000	0.0035243000	0.0000009427	0.0000000277	0.0000009290	3.9420000000
48.3300000000	6.0000000000	0.0034793100	0.0000009066	-0.0000000179	0.0000009327	-1.2840000000
48.3300000000	5.9000000000	0.0034326400	0.0000008789	0.0000000212	0.0000008629	1.4220000000
48.3300000000	5.8000000000	0.0033860800	0.0000009215	0.0000000000	0.0000009215	-1.3260000000
48.3300000000	5.7000000000	0.0033381600	0.0000008640	0.0000000000	0.0000008857	1.7580000000
48.3300000000	5.6000000000	0.0032910600	0.0000009066	0.0000000000	0.0000009004	-1.3800000000
48.3300000000	5.5000000000	0.0032433600	0.0000009493	0.0000000212	0.0000009218	1.3500000000
48.3300000000	5.4000000000	0.0031947600	0.0000009281	0.0000000000	0.0000009707	0.0000000000
48.3300000000	5.3000000000	0.0031458500	0.0000010133	0.0000000063	0.0000009709	1.2600000000
48.3300000000	5.2000000000	0.0030962100	0.0000009921	0.0000000000	0.0000010349	1.1820000000
48.3300000000	5.1000000000	0.0030449400	0.0000009921	0.0000000000	0.0000009707	0.0000000000
48.3300000000	5.0000000000	0.0029954900	0.0000009493	-0.0000000428	0.0000009716	-2.5140000000
48.3300000000	4.9000000000	0.0029440700	0.0000009707	0.0000000000	0.0000009493	-0.2340000000
48.3300000000	4.8000000000	0.0028924000	0.0000010133	-0.0000000428	0.0000010145	-2.3940000000
48.3300000000	4.7000000000	0.0028406300	0.0000010345	0.0000000212	0.0000010135	1.2060000000
48.3300000000	4.6000000000	0.0027887500	0.0000009921	0.0000000000	0.0000010347	1.1580000000
48.3300000000	4.5000000000	0.0027337200	0.0000010345	-0.0000000214	0.0000009930	-2.4600000000
48.3300000000	4.4000000000	0.0026800900	0.0000010836	-0.0000000428	0.0000010838	-1.1100000000
48.3300000000	4.3000000000	0.0026256800	0.0000010624	-0.0000000214	0.0000010783	-2.2680000000
48.3400000000	4.2000000000	0.0025696200	0.0000010985	0.0000000000	0.0000010775	1.1520000000
48.3400000000	4.1000000000	0.0025137000	0.0000011264	0.0000000000	0.0000011264	-1.0860000000
48.3400000000	4.0000000000	0.0024569300	0.0000011264	0.0000000426	0.0000011486	2.1300000000
48.3300000000	3.9000000000	0.0023989400	0.0000011052	-0.0000000384	0.0000011057	-2.2080000000
48.3400000000	3.8000000000	0.0023411300	0.0000011327	0.0000000212	0.0000011479	1.0560000000
48.3400000000	3.7000000000	0.0022810100	0.0000011479	0.0000000000	0.0000011479	-1.0620000000
48.3400000000	3.6000000000	0.0022214100	0.0000011691	0.0000000000	0.0000011628	1.0620000000
48.3400000000	3.5000000000	0.0021608200	0.0000011691	0.0000000000	0.0000011691	-1.0260000000
48.3500000000	3.4000000000	0.0020999700	0.0000011902	0.0000000212	0.0000011697	2.0880000000
48.3500000000	3.3000000000	0.0020386000	0.0000011691	0.0000000000	0.0000012119	0.0000000000
48.3500000000	3.2000000000	0.0019776400	0.0000011902	0.0000000426	0.0000011702	3.1320000000
48.3500000000	3.1000000000	0.0019162300	0.0000011691	0.0000000000	0.0000012117	0.0000000000
48.3500000000	3.0000000000	0.0018541000	0.0000012098	0.0000000426	0.0000011697	2.1000000000
48.3500000000	2.9000000000	0.0017922200	0.0000011476	0.0000000212	0.0000012121	2.0160000000
48.3500000000	2.8000000000	0.0017306600	0.0000011902	-0.0000000214	0.0000011481	-1.0620000000
48.3500000000	2.7000000000	0.0016690000	0.0000011905	0.0000000212	0.0000012331	0.9900000000
48.3500000000	2.6000000000	0.0016071600	0.0000012117	0.0000000212	0.0000011693	0.0000000000
48.3500000000	2.5000000000	0.0015452100	0.0000011902	0.0000000212	0.0000012126	2.0160000000
48.3500000000	2.4000000000	0.0014831800	0.0000012117	-0.0000000214	0.0000011691	-1.1280000000
48.3500000000	2.3000000000	0.0014214500	0.0000011905	0.0000000212	0.0000012396	0.9720000000
48.3500000000	2.2000000000	0.0013592100	0.0000011902	0.0000000212	0.0000011693	1.0440000000
48.3500000000	2.1000000000	0.0012971500	0.0000011691	0.0000000212	0.0000011905	2.0520000000
48.3500000000	2.0000000000	0.0012356300	0.0000011905	0.0000000212	0.0000011691	0.0000000000
48.3500000000	1.9000000000	0.0011730000	0.0000011691	0.0000000421	0.0000011697	2.4000000000
48.3500000000	1.8000000000	0.0011113400	0.0000011905	-0.0000000203	0.0000011628	-1.0620000000
48.3500000000	1.7000000000	0.0010496000	0.0000011691	0.0000000426	0.0000012126	2.0160000000
48.3500000000	1.6000000000	0.0009875800	0.0000011691	0.0000000000	0.0000011476	0.0000000000
48.3500000000	1.5000000000	0.0009252000	0.0000011902	0.0000000212	0.0000011909	2.0520000000
48.3500000000	1.4000000000	0.0008635000	0.0000012117	-0.0000000214	0.0000012119	-1.0080000000
48.3500000000	1.3000000000	0.0008012700	0.0000011905	0.0000000212	0.0000011912	2.0520000000
48.3500000000	1.2000000000	0.0007396400	0.0000011902	-0.0000000214	0.0000011907	-2.0520000000
48.3500000000	1.1000000000	0.0006773300	0.0000012065	0.0000000212	0.0000011905	2.0880000000
48.3500000000	1.0000000000	0.0006151700	0.0000011902	-0.0000000214	0.0000011905	-1.3140000000
48.3500000000	0.9000000000	0.0005539300	0.0000012161	0.0000000426	0.0000011914	2.3700000000
48.3500000000	0.8000000000	0.0004907300	0.0000011902	0.0000000044	0.0000012182	0.0000000000
48.3500000000	0.7000000000	0.0004300300	0.0000012119	0.0000000221	0.0000011912	2.0520000000
48.3500000000	0.6000000000	0.0003674400	0.0000011902	0.0000000000	0.0000012117	0.0000000000
48.3500000000	0.5000000000	0.0003062700	0.0000011902	-0.0000000214	0.0000011628	-1.3800000000
48.3500000000	0.4000000000	0.0002433900	0.0000011902	0.0000000044	0.0000012331	0.0000000000
48.3500000000	0.3000000000	0.0001817300	0.0000012119	0.0000000212	0.0000011914	2.0520000000
48.3500000000	0.2000000000	0.0001201000	0.0000011691	0.0000001132	0.0000012163	4.0260000000
48.3400000000	0.1000000000	0.0000579300	0.0000011691	0.0000012331	0.0000015569	34.0920000000
48.3400000000	0.0000000000	-0.0000042300	0.0000008496	0.0000036443	0.0000040184	71.4420000000
