211.4000000000	0.0000017644	198.2300000000
215.8000000000	0.0000017579	200.0000000000
219.5000000000	0.0000017367	201.2000000000
224.0000000000	0.0000016729	202.2000000000
228.9000000000	0.0000017430	202.8000000000
233.7000000000	0.0000017644	202.6000000000
236.6000000000	0.0000017432	202.1000000000
235.2000000000	0.0000017155	201.5000000000
234.9000000000	0.0000017644	200.8000000000
235.7000000000	0.0000017386	199.9200000000
235.3000000000	0.0000017218	198.9600000000
234.3000000000	0.0000017004	197.9700000000
233.3000000000	0.0000017150	196.9900000000
232.3000000000	0.0000017181	196.0500000000
231.3000000000	0.0000017004	195.1200000000
230.3000000000	0.0000016790	194.1800000000
229.3000000000	0.0000016790	193.2900000000
228.3000000000	0.0000016792	192.4000000000
227.3000000000	0.0000016848	191.5300000000
226.3000000000	0.0000016515	190.6600000000
225.3000000000	0.0000016578	189.8200000000
224.3000000000	0.0000016512	189.0000000000
223.3000000000	0.0000016512	188.1800000000
222.3000000000	0.0000016512	187.3900000000
221.3000000000	0.0000016300	186.5900000000
220.3000000000	0.0000016300	185.7700000000
219.3000000000	0.0000016300	184.9500000000
218.3000000000	0.0000016300	184.1100000000
217.3000000000	0.0000015872	183.2800000000
216.3000000000	0.0000015874	182.4600000000
215.3000000000	0.0000015872	181.6300000000
214.3000000000	0.0000015658	180.8100000000
213.3000000000	0.0000015660	179.9900000000
212.3000000000	0.0000015658	179.1300000000
211.3000000000	0.0000015872	178.2800000000
210.3000000000	0.0000015658	177.4000000000
209.3000000000	0.0000015660	176.5200000000
208.3000000000	0.0000015383	175.6400000000
207.3000000000	0.0000015444	174.7800000000
206.3000000000	0.0000015446	173.9400000000
205.3000000000	0.0000015232	173.0900000000
204.3000000000	0.0000015020	172.2700000000
203.3000000000	0.0000015020	171.4600000000
202.3000000000	0.0000015018	170.6900000000
201.3000000000	0.0000015022	169.9200000000
200.3000000000	0.0000014955	169.1500000000
199.3000000000	0.0000015169	168.3900000000
198.3000000000	0.0000015020	167.6500000000
197.3000000000	0.0000014806	166.9000000000
196.3000000000	0.0000014743	166.1400000000
195.3300000000	0.0000014529	165.3600000000
194.3400000000	0.0000014741	164.5800000000
193.3300000000	0.0000014806	163.7800000000
192.3100000000	0.0000014594	162.9800000000
191.3000000000	0.0000014529	162.1700000000
190.3200000000	0.0000014317	161.3700000000
189.3200000000	0.0000014317	160.5800000000
188.3200000000	0.0000014315	159.7600000000
187.3100000000	0.0000014291	158.9100000000
186.3000000000	0.0000014315	158.0600000000
185.3300000000	0.0000014317	157.2000000000
184.3400000000	0.0000013888	156.3200000000
183.3300000000	0.0000014103	155.4300000000
182.3200000000	0.0000013102	154.5800000000
181.3000000000	0.0000013674	153.7400000000
180.3000000000	0.0000013674	152.9300000000
179.3000000000	0.0000013674	152.1100000000
178.3100000000	0.0000013560	151.3000000000
177.3100000000	0.0000013698	150.4700000000
176.3200000000	0.0000013888	149.6200000000
175.3400000000	0.0000013609	148.7600000000
174.3300000000	0.0000013674	147.9200000000
173.3400000000	0.0000013248	147.0500000000
172.3300000000	0.0000013611	146.2000000000
171.3200000000	0.0000013462	145.3800000000
170.3200000000	0.0000013462	144.5400000000
169.3000000000	0.0000013614	143.7100000000
168.2900000000	0.0000013891	142.8600000000
167.2800000000	0.0000014103	142.0200000000
166.2600000000	0.0000014315	141.1500000000
165.2800000000	0.0000014377	140.3000000000
164.3000000000	0.0000014806	139.4300000000
163.3200000000	0.0000015022	138.5300000000
162.3200000000	0.0000015169	137.6600000000
161.3300000000	0.0000015232	136.7700000000
160.3500000000	0.0000015234	135.9000000000
159.3700000000	0.0000015169	135.0000000000
158.3700000000	0.0000015444	134.1100000000
157.3700000000	0.0000015444	133.2100000000
156.3400000000	0.0000015381	132.2900000000
155.2900000000	0.0000015232	131.3700000000
154.2300000000	0.0000015234	130.4800000000
153.2400000000	0.0000015295	129.5900000000
152.2700000000	0.0000015169	128.7000000000
151.3200000000	0.0000015232	127.8200000000
150.3200000000	0.0000015197	126.9400000000
149.3400000000	0.0000015018	126.0600000000
148.3300000000	0.0000014955	125.1900000000
147.3500000000	0.0000014806	124.3400000000
146.3300000000	0.0000014743	123.4900000000
145.3100000000	0.0000014806	122.6700000000
144.3100000000	0.0000014806	121.8300000000
143.3000000000	0.0000014743	121.0100000000
142.2900000000	0.0000014529	120.1900000000
141.2900000000	0.0000014380	119.3700000000
140.3200000000	0.0000014317	118.5300000000
139.3300000000	0.0000014315	117.6800000000
138.3400000000	0.0000014387	116.8600000000
137.3500000000	0.0000014166	116.0300000000
136.3400000000	0.0000014161	115.2000000000
135.3500000000	0.0000013888	114.3500000000
134.3600000000	0.0000014103	113.5000000000
133.3400000000	0.0000013888	112.6500000000
132.3200000000	0.0000013676	111.7800000000
131.2700000000	0.0000013888	110.9400000000
130.2100000000	0.0000013644	110.1100000000
129.2000000000	0.0000013611	109.2700000000
128.2400000000	0.0000013462	108.4500000000
127.3100000000	0.0000013676	107.6200000000
126.3300000000	0.0000013248	106.7600000000
125.3300000000	0.0000013250	105.9200000000
124.3600000000	0.0000013036	105.0600000000
123.3500000000	0.0000012822	104.1800000000
122.3300000000	0.0000012971	103.2800000000
121.3100000000	0.0000012757	102.4000000000
120.2600000000	0.0000012331	101.5200000000
119.2300000000	0.0000012401	100.6600000000
118.2200000000	0.0000012608	99.8200000000
117.2600000000	0.0000012331	98.9600000000
116.3100000000	0.0000012331	98.1200000000
115.3600000000	0.0000012182	97.2700000000
114.3700000000	0.0000011693	96.4200000000
113.3500000000	0.0000011905	95.5800000000
112.3000000000	0.0000011902	94.7400000000
111.3000000000	0.0000011693	93.9000000000
110.3100000000	0.0000011691	93.0700000000
109.3100000000	0.0000011693	92.2600000000
108.3100000000	0.0000011346	91.4500000000
107.3100000000	0.0000011264	90.6300000000
106.3200000000	0.0000011202	89.8100000000
105.3200000000	0.0000010987	88.9700000000
104.3300000000	0.0000010838	88.1100000000
103.3300000000	0.0000010773	87.2700000000
102.3300000000	0.0000010773	86.4300000000
101.3100000000	0.0000010773	85.6000000000
100.2600000000	0.0000010189	84.7700000000
99.2200000000	0.0000010559	83.9600000000
98.2000000000	0.0000010559	83.1400000000
97.2200000000	0.0000010347	82.3500000000
96.2400000000	0.0000009921	81.5600000000
95.2700000000	0.0000010135	80.7600000000
94.3000000000	0.0000009709	80.0000000000
93.3000000000	0.0000009919	79.2300000000
92.3100000000	0.0000009921	78.4500000000
91.3300000000	0.0000009090	77.6900000000
90.3500000000	0.0000009493	76.9100000000
89.3700000000	0.0000009066	76.1300000000
88.3500000000	0.0000009071	75.3600000000
87.3000000000	0.0000009215	74.5800000000
86.2300000000	0.0000009066	73.7900000000
85.1900000000	0.0000008578	73.0200000000
84.2000000000	0.0000008792	72.2600000000
83.2300000000	0.0000008834	71.5200000000
82.2300000000	0.0000008792	70.8200000000
81.2500000000	0.0000008214	70.1000000000
80.2700000000	0.0000008578	69.3900000000
79.2800000000	0.0000008361	68.6700000000
78.2800000000	0.0000008149	67.9800000000
77.2900000000	0.0000008149	67.2600000000
76.2300000000	0.0000008154	66.5800000000
75.1800000000	0.0000007721	65.8900000000
74.1700000000	0.0000007728	65.2100000000
73.1800000000	0.0000007509	64.5400000000
72.1800000000	0.0000007940	63.8800000000
71.2100000000	0.0000007509	63.2100000000
70.2700000000	0.0000007295	62.5400000000
69.3100000000	0.0000007295	61.8700000000
68.3200000000	0.0000007509	61.2000000000
67.3000000000	0.0000007299	60.5200000000
66.3000000000	0.0000007232	59.8600000000
65.3100000000	0.0000007087	59.1600000000
64.3100000000	0.0000007018	58.4600000000
63.2900000000	0.0000007723	57.7300000000
62.2700000000	0.0000007935	57.0000000000
61.2300000000	0.0000008366	56.2400000000
60.2200000000	0.0000007935	55.4600000000
59.1900000000	0.0000007725	54.6300000000
58.1600000000	0.0000007444	53.7700000000
57.1400000000	0.0000007723	52.8600000000
56.1100000000	0.0000007935	51.9600000000
55.1100000000	0.0000007723	51.0300000000
54.1000000000	0.0000007940	50.1100000000
53.1300000000	0.0000007725	49.2000000000
52.1500000000	0.0000007511	48.3100000000
51.1200000000	0.0000008217	47.4500000000
50.1200000000	0.0000007947	46.5900000000
49.1600000000	0.0000008214	45.7400000000
48.1600000000	0.0000008149	44.8800000000
47.0900000000	0.0000008643	44.0200000000
46.0400000000	0.0000008575	43.1500000000
44.9800000000	0.0000009215	42.3100000000
43.9800000000	0.0000009281	41.4600000000
43.0100000000	0.0000009709	40.6100000000
42.0400000000	0.0000009707	39.7700000000
40.9700000000	0.0000009921	39.0100000000
39.9000000000	0.0000009704	38.2800000000
38.8700000000	0.0000009707	37.5800000000
37.9200000000	0.0000009644	36.9100000000
37.0000000000	0.0000009432	36.2700000000
36.0200000000	0.0000009071	35.6000000000
35.0500000000	0.0000008857	34.9400000000
33.9200000000	0.0000008640	34.2800000000
32.7400000000	0.0000008580	33.6700000000
31.7400000000	0.0000008391	33.1000000000
30.8600000000	0.0000007935	32.4900000000
30.0400000000	0.0000007513	31.8700000000
29.0100000000	0.0000007588	31.3000000000
27.6400000000	0.0000007232	30.8100000000
26.7200000000	0.0000007083	30.4000000000
26.0000000000	0.0000006871	29.9600000000
25.2600000000	0.0000006869	29.5000000000
24.2300000000	0.0000006594	29.0500000000
23.6300000000	0.0000006394	28.6300000000
22.3300000000	0.0000006380	28.2200000000
21.5600000000	0.0000006228	27.8000000000
20.6400000000	0.0000005951	27.4200000000
19.5900000000	0.0000005742	27.1300000000
18.6000000000	0.0000005739	26.9300000000
17.6600000000	0.0000005739	26.7900000000
16.8800000000	0.0000005525	26.6700000000
15.8400000000	0.0000005737	26.5600000000
16.1900000000	0.0000005739	26.5000000000
16.9900000000	0.0000005532	26.2200000000
