12.5200000000	0.0000322985	25.5600000000
12.5400000000	0.0000325965	25.6900000000
12.5600000000	0.0000330287	25.8200000000
12.6000000000	0.0000334496	25.9600000000
12.6400000000	0.0000338817	26.1500000000
12.6700000000	0.0000343064	26.3600000000
12.7100000000	0.0000348615	26.5900000000
12.7500000000	0.0000352862	26.8400000000
12.7900000000	0.0000361393	27.1300000000
12.8300000000	0.0000369924	27.4700000000
12.8900000000	0.0000378455	27.8700000000
12.9500000000	0.0000388289	28.2800000000
13.0200000000	0.0000401067	28.7300000000
13.0900000000	0.0000413882	29.2600000000
13.1700000000	0.0000426697	29.8700000000
13.2600000000	0.0000440779	30.5400000000
13.3600000000	0.0000457841	31.2300000000
13.4700000000	0.0000476206	32.0000000000
13.5900000000	0.0000490251	32.9100000000
13.7300000000	0.0000506046	33.8600000000
13.8900000000	0.0000511596	34.8800000000
14.0700000000	0.0000511596	35.9700000000
14.2800000000	0.0000498819	37.1300000000
14.5200000000	0.0000480453	38.4200000000
14.8200000000	0.0000457841	39.7800000000
15.1800000000	0.0000440779	41.1900000000
15.6800000000	0.0000423717	42.6100000000
16.3600000000	0.0000413882	44.1400000000
17.2600000000	0.0000406618	45.6900000000
18.4000000000	0.0000405388	47.3000000000
19.8000000000	0.0000413919	48.9300000000
21.3200000000	0.0000422413	50.5700000000
23.2700000000	0.0000391270	52.1700000000
25.0700000000	0.0000379758	53.8100000000
27.0600000000	0.0000388289	55.4400000000
29.2000000000	0.0000401067	57.0500000000
31.2400000000	0.0000413882	58.6400000000
33.4600000000	0.0000426697	60.1900000000
35.5100000000	0.0000436495	61.6700000000
37.6700000000	0.0000450613	63.1300000000
39.8000000000	0.0000463391	64.5700000000
41.9400000000	0.0000476206	66.0000000000
43.9400000000	0.0000486004	67.4600000000
45.8500000000	0.0000498819	68.8500000000
47.7400000000	0.0000510293	70.2300000000
49.5900000000	0.0000520127	71.6000000000
51.4200000000	0.0000532942	72.9300000000
53.3000000000	0.0000542777	74.2800000000
55.1500000000	0.0000555518	75.6800000000
56.9800000000	0.0000565352	77.0000000000
58.7800000000	0.0000576864	78.3100000000
60.5300000000	0.0000586698	79.6100000000
62.2000000000	0.0000599476	80.9100000000
63.9100000000	0.0000608007	82.2500000000
65.5500000000	0.0000617807	83.5400000000
67.1700000000	0.0000629355	84.8400000000
68.7800000000	0.0000639153	86.1300000000
70.4300000000	0.0000647684	87.4200000000
72.0100000000	0.0000657518	88.7400000000
73.5800000000	0.0000666049	90.0300000000
75.1900000000	0.0000674543	91.2600000000
76.7400000000	0.0000683111	92.5400000000
78.2400000000	0.0000691605	93.7500000000
79.7400000000	0.0000700173	94.9600000000
81.1900000000	0.0000705724	96.2200000000
82.6300000000	0.0000714255	97.4200000000
84.0700000000	0.0000722785	98.6200000000
85.5600000000	0.0000728336	99.8200000000
87.0000000000	0.0000735638	101.0600000000
88.4200000000	0.0000741151	102.2600000000
89.9100000000	0.0000748378	103.5000000000
91.3400000000	0.0000753966	104.7000000000
92.7700000000	0.0000758213	105.8600000000
94.2500000000	0.0000762497	107.0200000000
95.6500000000	0.0000766744	108.2300000000
97.0100000000	0.0000771028	109.3900000000
98.3800000000	0.0000772295	110.5500000000
99.8000000000	0.0000775275	111.7100000000
101.1700000000	0.0000776541	112.9000000000
102.5500000000	0.0000776579	114.0500000000
103.9200000000	0.0000776541	115.2000000000
105.3500000000	0.0000776579	116.3400000000
106.7100000000	0.0000772295	117.5100000000
108.1400000000	0.0000768048	118.6400000000
109.5200000000	0.0000762497	119.8100000000
110.9000000000	0.0000749682	120.9000000000
112.3300000000	0.0000736904	122.0300000000
113.7300000000	0.0000714255	123.1300000000
115.1700000000	0.0000691605	124.2800000000
116.5500000000	0.0000687395	125.4000000000
117.9000000000	0.0000687395	126.5600000000
119.2500000000	0.0000691642	127.6800000000
120.6500000000	0.0000692909	128.8700000000
122.0100000000	0.0000697193	130.0100000000
123.4300000000	0.0000701440	131.1600000000
124.7900000000	0.0000705724	132.3800000000
126.1600000000	0.0000710008	133.5400000000
127.5900000000	0.0000714217	134.7700000000
128.9800000000	0.0000718539	135.9600000000
130.4200000000	0.0000722823	137.1600000000
131.8200000000	0.0000728336	138.4100000000
133.2200000000	0.0000732620	139.6200000000
134.6700000000	0.0000736904	140.8000000000
136.0800000000	0.0000741114	142.0200000000
137.5000000000	0.0000745398	143.2100000000
138.9700000000	0.0000749682	144.4500000000
140.3800000000	0.0000753966	145.6300000000
141.8000000000	0.0000758213	146.8600000000
143.1900000000	0.0000763801	148.0600000000
144.6400000000	0.0000768048	149.3100000000
146.0400000000	0.0000772295	150.5200000000
147.4900000000	0.0000776541	151.7700000000
148.9200000000	0.0000780863	153.0000000000
150.3900000000	0.0000785110	154.2300000000
151.8200000000	0.0000789356	155.4900000000
153.3100000000	0.0000793641	156.7700000000
154.8100000000	0.0000797887	157.9800000000
156.2700000000	0.0000802134	159.2600000000
157.7300000000	0.0000806456	160.4800000000
159.2500000000	0.0000810665	161.7400000000
160.7300000000	0.0000814986	162.9500000000
162.2700000000	0.0000819233	164.1600000000
163.7800000000	0.0000823480	165.4100000000
165.3300000000	0.0000824784	166.6200000000
166.7600000000	0.0000829031	167.8200000000
168.2400000000	0.0000833315	169.0500000000
169.6900000000	0.0000837599	170.2100000000
171.2000000000	0.0000838866	171.4300000000
172.6500000000	0.0000841846	172.5800000000
174.1800000000	0.0000846130	173.7700000000
175.6800000000	0.0000850339	174.9100000000
177.1900000000	0.0000851643	176.0700000000
178.7600000000	0.0000855965	177.2500000000
180.2900000000	0.0000858908	178.4000000000
181.9100000000	0.0000860211	179.5900000000
183.5800000000	0.0000864458	180.8100000000
185.2100000000	0.0000868705	181.9800000000
186.9200000000	0.0000868742	183.2000000000
188.6400000000	0.0000873026	184.3700000000
190.3900000000	0.0000874293	185.6000000000
192.0900000000	0.0000877273	186.8300000000
