192.8900000000	0.0000881557	197.1300000000
192.3500000000	0.0000881632	196.6000000000
191.8200000000	0.0000881557	196.0800000000
191.2700000000	0.0000881557	195.5600000000
190.7300000000	0.0000872989	195.0300000000
190.1900000000	0.0000872989	194.5100000000
189.6500000000	0.0000872989	193.9900000000
189.1100000000	0.0000873064	193.4600000000
188.5600000000	0.0000864496	192.9400000000
188.0200000000	0.0000864496	192.4100000000
187.4700000000	0.0000864496	191.9000000000
186.9200000000	0.0000864496	191.3700000000
186.3800000000	0.0000861962	190.8500000000
185.8300000000	0.0000856002	190.3300000000
185.2700000000	0.0000855927	189.8000000000
184.7200000000	0.0000855927	189.2700000000
184.1600000000	0.0000853320	188.7400000000
183.6000000000	0.0000847359	188.2100000000
183.0400000000	0.0000847359	187.6700000000
182.4800000000	0.0000844826	187.1400000000
181.9100000000	0.0000844826	186.6100000000
181.3400000000	0.0000838866	186.0700000000
180.7700000000	0.0000838866	185.5300000000
180.2000000000	0.0000836258	184.9900000000
179.6300000000	0.0000836332	184.4500000000
179.0500000000	0.0000830297	183.9000000000
178.4700000000	0.0000830372	183.3500000000
177.8800000000	0.0000827764	182.8000000000
177.3000000000	0.0000827764	182.2500000000
176.7200000000	0.0000821804	181.6900000000
176.1200000000	0.0000819270	181.1400000000
175.5300000000	0.0000819270	180.5800000000
174.9400000000	0.0000819270	180.0300000000
174.3400000000	0.0000813236	179.4500000000
173.7400000000	0.0000810702	178.8700000000
173.1400000000	0.0000810702	178.2900000000
172.5400000000	0.0000804816	177.7100000000
171.9300000000	0.0000802134	177.1200000000
171.3200000000	0.0000802209	176.5400000000
170.7000000000	0.0000802134	175.9500000000
170.0900000000	0.0000793641	175.3600000000
169.4800000000	0.0000793641	174.7700000000
168.8500000000	0.0000793641	174.1700000000
168.2300000000	0.0000793641	173.5700000000
167.6000000000	0.0000785147	172.9700000000
166.9700000000	0.0000785147	172.3700000000
166.3400000000	0.0000785147	171.7600000000
165.7000000000	0.0000782539	171.1500000000
165.0600000000	0.0000776579	170.5400000000
164.4000000000	0.0000776504	169.9200000000
163.7500000000	0.0000776579	169.3100000000
163.0800000000	0.0000773971	168.6900000000
162.4100000000	0.0000768085	168.0600000000
161.7400000000	0.0000768011	167.4400000000
161.0700000000	0.0000765477	166.8100000000
160.4000000000	0.0000759442	166.1800000000
159.7200000000	0.0000759442	165.5400000000
159.0400000000	0.0000756909	164.9000000000
158.3500000000	0.0000756909	164.2600000000
157.6600000000	0.0000751023	163.6100000000
156.9700000000	0.0000748415	162.9600000000
156.2800000000	0.0000748415	162.3000000000
155.5800000000	0.0000742455	161.6400000000
154.8800000000	0.0000739847	160.9800000000
154.2000000000	0.0000739847	160.3200000000
153.4900000000	0.0000739922	159.6500000000
152.7900000000	0.0000733887	158.9600000000
152.0900000000	0.0000731354	158.2900000000
151.3900000000	0.0000731354	157.6000000000
150.6800000000	0.0000725393	156.9200000000
149.9800000000	0.0000722785	156.2400000000
149.2600000000	0.0000722785	155.5500000000
148.5500000000	0.0000722785	154.8600000000
147.8400000000	0.0000714292	154.1700000000
147.1200000000	0.0000714292	153.4800000000
146.4100000000	0.0000714292	152.7900000000
145.6800000000	0.0000705724	152.1000000000
144.9700000000	0.0000705724	151.4000000000
144.2400000000	0.0000705724	150.7000000000
143.5200000000	0.0000705724	150.0000000000
142.7900000000	0.0000697230	149.2900000000
142.0700000000	0.0000697230	148.5900000000
141.3300000000	0.0000697230	147.8800000000
140.6000000000	0.0000694697	147.1800000000
139.8600000000	0.0000688662	146.4600000000
139.1000000000	0.0000688662	145.7600000000
138.3400000000	0.0000688662	145.0500000000
137.5800000000	0.0000688662	144.3400000000
136.8100000000	0.0000688662	143.6400000000
136.0400000000	0.0000694622	142.9200000000
135.2700000000	0.0000705724	142.2000000000
134.5000000000	0.0000714292	141.4800000000
133.7200000000	0.0000731354	140.7500000000
132.9300000000	0.0000742455	140.0300000000
132.1600000000	0.0000751023	139.2800000000
131.3600000000	0.0000759442	138.5300000000
130.5700000000	0.0000765477	137.7800000000
129.7900000000	0.0000768085	137.0200000000
128.9900000000	0.0000773971	136.2600000000
128.1900000000	0.0000776504	135.4900000000
127.4000000000	0.0000776579	134.7300000000
126.5900000000	0.0000776579	133.9700000000
125.7900000000	0.0000776579	133.2000000000
124.9700000000	0.0000776579	132.4300000000
124.1600000000	0.0000779931	131.6500000000
123.3500000000	0.0000776579	130.8700000000
122.5200000000	0.0000776504	130.0800000000
121.7000000000	0.0000776579	129.2800000000
120.8800000000	0.0000776579	128.4800000000
120.0500000000	0.0000776504	127.6700000000
119.2200000000	0.0000776579	126.8700000000
118.3900000000	0.0000774045	126.0600000000
117.5500000000	0.0000768085	125.2500000000
116.7200000000	0.0000768085	124.4500000000
115.8800000000	0.0000768085	123.6300000000
115.0500000000	0.0000765477	122.8200000000
114.1800000000	0.0000759517	122.0100000000
113.3200000000	0.0000756909	121.1900000000
112.4400000000	0.0000756909	120.3700000000
111.5600000000	0.0000750949	119.5500000000
110.6900000000	0.0000748415	118.7000000000
109.8100000000	0.0000742381	117.8500000000
108.9400000000	0.0000739847	117.0100000000
108.0500000000	0.0000739847	116.1500000000
107.1700000000	0.0000731428	115.2900000000
106.2700000000	0.0000731354	114.4000000000
105.3900000000	0.0000722785	113.5100000000
104.4900000000	0.0000722860	112.5900000000
103.5900000000	0.0000714292	111.6600000000
102.6900000000	0.0000705724	110.7100000000
101.7700000000	0.0000705724	109.7400000000
100.8600000000	0.0000697230	108.7900000000
99.9600000000	0.0000697230	107.8600000000
99.0600000000	0.0000688662	106.9600000000
98.1800000000	0.0000686054	106.0600000000
97.3100000000	0.0000680168	105.1800000000
96.4400000000	0.0000677635	104.2900000000
95.5700000000	0.0000668992	103.3900000000
94.6900000000	0.0000663106	102.5100000000
93.7900000000	0.0000660573	101.6200000000
92.9000000000	0.0000651930	100.7400000000
92.0100000000	0.0000651930	99.8600000000
91.1000000000	0.0000643437	98.9700000000
90.2100000000	0.0000634943	98.1000000000
89.3100000000	0.0000634943	97.2200000000
88.4200000000	0.0000626375	96.3300000000
87.5200000000	0.0000617881	95.4500000000
86.6400000000	0.0000617881	94.5700000000
85.7400000000	0.0000609236	93.6900000000
84.8500000000	0.0000606703	92.8100000000
83.9600000000	0.0000598209	91.9300000000
83.0700000000	0.0000590945	91.0500000000
82.1700000000	0.0000586698	90.1800000000
81.2900000000	0.0000581110	89.2600000000
80.3900000000	0.0000573846	88.3400000000
79.4900000000	0.0000568333	87.4200000000
78.6100000000	0.0000564049	86.5000000000
77.7100000000	0.0000555518	85.5600000000
77.2500000000	0.0000551271	85.1000000000
76.7700000000	0.0000551271	84.6300000000
76.2900000000	0.0000546987	84.1700000000
75.8200000000	0.0000542777	83.7000000000
75.3300000000	0.0000541511	83.2400000000
74.8500000000	0.0000537189	82.7700000000
74.3700000000	0.0000534209	82.3000000000
73.8900000000	0.0000529962	81.8400000000
73.4200000000	0.0000528658	81.3700000000
72.9300000000	0.0000524411	80.9100000000
72.4500000000	0.0000520127	80.4400000000
71.9700000000	0.0000517147	79.9800000000
71.4800000000	0.0000515843	79.5100000000
71.0100000000	0.0000511596	79.0400000000
70.5200000000	0.0000507350	78.5800000000
70.0300000000	0.0000506046	78.1100000000
69.5500000000	0.0000501762	77.6500000000
69.0700000000	0.0000498819	77.1800000000
68.5800000000	0.0000494535	76.7100000000
68.1000000000	0.0000493268	76.2600000000
67.6200000000	0.0000488947	75.7800000000
67.1300000000	0.0000484737	75.3200000000
66.6500000000	0.0000480453	74.8500000000
66.1500000000	0.0000480453	74.3600000000
65.6700000000	0.0000476169	73.8600000000
65.1900000000	0.0000471922	73.3800000000
64.7000000000	0.0000467675	72.9000000000
64.2200000000	0.0000466371	72.4100000000
63.7500000000	0.0000462087	71.9400000000
63.2500000000	0.0000459107	71.4600000000
62.7800000000	0.0000454860	70.9800000000
62.2700000000	0.0000453594	70.5000000000
61.7900000000	0.0000449310	70.0100000000
61.2900000000	0.0000445026	69.5100000000
60.8000000000	0.0000440779	69.0300000000
60.3000000000	0.0000440779	68.5500000000
59.8000000000	0.0000436495	68.0700000000
59.2600000000	0.0000432248	67.5700000000
58.7400000000	0.0000427964	67.0900000000
58.2000000000	0.0000423680	66.6000000000
57.6800000000	0.0000422413	66.1300000000
57.1400000000	0.0000419433	65.6300000000
56.6100000000	0.0000415186	65.1500000000
56.0600000000	0.0000410902	64.6500000000
55.5200000000	0.0000409635	64.1700000000
54.9800000000	0.0000405351	63.6900000000
54.4300000000	0.0000401104	63.2000000000
53.8800000000	0.0000398087	62.7100000000
53.3200000000	0.0000396820	62.2300000000
52.7600000000	0.0000392573	61.7400000000
52.2100000000	0.0000388289	61.2600000000
51.6400000000	0.0000386985	60.7700000000
51.0800000000	0.0000384043	60.2900000000
50.5100000000	0.0000382739	59.7900000000
49.9200000000	0.0000379758	59.2700000000
49.3400000000	0.0000379721	58.7500000000
48.7600000000	0.0000379758	58.2100000000
48.1500000000	0.0000388289	57.6600000000
47.5500000000	0.0000396820	57.1200000000
46.9400000000	0.0000410902	56.5500000000
46.3100000000	0.0000422413	55.9700000000
45.6900000000	0.0000423680	55.3600000000
45.0400000000	0.0000427964	54.7100000000
44.3900000000	0.0000423717	54.0600000000
43.7100000000	0.0000413919	53.3300000000
43.0000000000	0.0000409635	52.5400000000
42.2600000000	0.0000405314	51.6500000000
41.0800000000	0.0000405351	50.0700000000
39.7900000000	0.0000409598	48.2400000000
38.5100000000	0.0000415149	46.4700000000
38.0900000000	0.0000419433	45.8800000000
37.6500000000	0.0000423680	45.3100000000
37.2400000000	0.0000427964	44.7400000000
36.8100000000	0.0000432248	44.2100000000
36.4000000000	0.0000436495	43.6800000000
35.9900000000	0.0000445026	43.1800000000
35.6400000000	0.0000450576	42.7200000000
35.2900000000	0.0000457878	42.2800000000
34.9600000000	0.0000463354	41.8500000000
34.6400000000	0.0000471922	41.4500000000
34.3000000000	0.0000476206	41.0700000000
33.9800000000	0.0000484737	40.7000000000
33.6500000000	0.0000488984	40.3300000000
33.3300000000	0.0000494572	39.9800000000
33.0200000000	0.0000498781	39.6300000000
32.6900000000	0.0000503066	39.3000000000
32.3700000000	0.0000507350	38.9600000000
32.0500000000	0.0000511634	38.6400000000
31.7200000000	0.0000511596	38.3100000000
31.4000000000	0.0000511634	38.0000000000
31.0600000000	0.0000515843	37.6800000000
30.7800000000	0.0000515843	37.3600000000
30.5000000000	0.0000511634	37.0500000000
30.2200000000	0.0000511634	36.7400000000
29.9400000000	0.0000511596	36.4600000000
29.6400000000	0.0000507312	36.1700000000
29.3400000000	0.0000503066	35.8700000000
29.0300000000	0.0000501799	35.5800000000
28.7000000000	0.0000497515	35.2800000000
28.3700000000	0.0000493268	34.9800000000
28.0300000000	0.0000488984	34.6800000000
27.7400000000	0.0000484737	34.3700000000
27.4300000000	0.0000476169	34.0600000000
27.1200000000	0.0000471922	33.7500000000
26.8200000000	0.0000467675	33.4300000000
26.5000000000	0.0000459144	33.1100000000
26.1700000000	0.0000454860	32.7700000000
25.8600000000	0.0000449310	32.4500000000
25.5700000000	0.0000442083	32.1200000000
25.2000000000	0.0000436495	31.8000000000
24.8800000000	0.0000430981	31.5000000000
24.6000000000	0.0000423680	31.2000000000
24.2200000000	0.0000418166	30.8900000000
23.8500000000	0.0000410902	30.5800000000
23.5100000000	0.0000405351	30.2600000000
23.1100000000	0.0000401104	29.9400000000
22.6700000000	0.0000392536	29.6200000000
22.2500000000	0.0000388289	29.2800000000
21.8300000000	0.0000382776	28.9600000000
21.4200000000	0.0000375512	28.6800000000
21.0200000000	0.0000369924	28.4000000000
20.6400000000	0.0000365677	28.1100000000
20.2400000000	0.0000361393	27.8200000000
19.8500000000	0.0000352862	27.5500000000
19.3900000000	0.0000348615	27.2800000000
18.9200000000	0.0000344331	27.0000000000
18.4500000000	0.0000340084	26.7600000000
17.9200000000	0.0000334533	26.4900000000
