1.000	4725962.800	1231.720
0.980	4725946.100	1231.620
0.960	4725895.700	1232.870
0.940	4725912.000	1230.030
0.920	4725858.400	1231.860
0.900	4725834.600	1231.950
0.880	4725829.600	1231.480
0.860	4725805.400	1231.160
0.840	4725766.100	1231.270
0.820	4725714.400	1231.560
0.800	4725703.000	1230.990
0.780	4725690.700	1232.300
0.760	4725723.200	1231.750
0.740	4725700.500	1232.710
0.720	4725643.300	1231.530
0.700	4725631.500	1230.670
0.680	4725633.600	1233.180
0.660	4725623.100	1232.340
0.640	4725556.000	1232.350
0.620	4725530.000	1231.300
0.600	4725516.800	1232.010
0.580	4725504.100	1231.150
0.560	4725445.300	1231.840
0.540	4725443.300	1232.070
0.520	4725455.600	1231.880
0.500	4725449.900	1231.870
0.480	4725438.200	1233.230
0.460	4725434.700	1231.380
0.440	4725429.200	1231.910
0.420	4725411.500	1230.900
0.400	4725421.400	1230.690
0.380	4725416.000	1231.590
0.360	4725408.400	1231.100
0.340	4725388.900	1232.340
0.320	4725348.200	1230.930
0.300	4725365.700	1232.580
0.280	4725368.200	1233.210
0.260	4725279.000	1231.720
0.240	4725238.300	1231.440
0.220	4725210.200	1230.370
0.200	4725205.800	1232.250
0.180	4725180.800	1233.360
0.160	4725261.000	1230.960
0.140	4725799.600	1231.800
0.120	4725842.600	1231.270
0.100	4725787.400	1233.100
0.080	4725706.400	1232.410
0.060	4725523.000	1230.990
0.040	4725466.300	1231.270
0.020	4725312.900	1231.350
0.000	4725208.400	1231.290
