1.000	4725462.400	1388.100
0.980	4725499.100	1389.470
0.960	4725476.900	1389.640
0.940	4725478.400	1388.900
0.920	4725461.900	1390.020
0.900	4725477.500	1390.750
0.880	4725474.900	1390.390
0.860	4725459.100	1391.660
0.840	4725441.300	1389.270
0.820	4725428.100	1388.680
0.800	4725447.100	1390.630
0.780	4725438.100	1390.400
0.760	4725440.600	1389.100
0.740	4725461.100	1389.600
0.720	4725431.100	1389.720
0.700	4725412.600	1388.640
0.680	4725436.200	1390.480
0.660	4725426.600	1389.170
0.640	4725435.800	1390.030
0.620	4725392.800	1390.630
0.600	4725417.600	1388.680
0.580	4725399.400	1389.890
0.560	4725402.900	1390.750
0.540	4725405.600	1389.700
0.520	4725380.700	1388.990
0.500	4725375.400	1391.460
0.480	4725374.400	1390.350
0.460	4725375.800	1389.850
0.440	4725374.400	1390.330
0.420	4725389.400	1389.600
0.400	4725362.200	1389.350
0.380	4725373.300	1390.650
0.360	4725369.900	1389.090
0.340	4725361.900	1387.800
0.320	4725357.600	1389.610
0.300	4725336.900	1390.990
0.280	4725351.500	1390.440
0.260	4725320.000	1390.950
0.240	4725588.400	1390.770
0.220	4725844.400	1389.120
0.200	4725987.100	1390.160
0.180	4726109.800	1388.570
0.160	4726177.800	1389.810
0.140	4726242.000	1389.570
0.120	4726256.100	1390.450
0.100	4726256.500	1388.650
0.080	4726241.200	1389.620
0.060	4726257.700	1389.200
0.040	4726239.000	1391.220
0.020	4726211.100	1389.430
0.000	4726233.000	1391.140
