1.000	4724798.200	1534.590
0.980	4724756.400	1534.210
0.960	4724751.000	1535.730
0.940	4724736.800	1535.540
0.920	4724715.500	1536.880
0.900	4724696.000	1535.960
0.880	4724678.700	1535.560
0.860	4724644.300	1535.660
0.840	4724640.800	1534.750
0.820	4724600.200	1537.180
0.800	4724591.000	1536.340
0.780	4724567.200	1537.080
0.760	4724548.000	1535.690
0.740	4724538.200	1536.260
0.720	4724515.700	1536.620
0.700	4724483.200	1534.600
0.680	4724444.700	1535.690
0.660	4724432.300	1537.990
0.640	4724388.200	1536.640
0.620	4724354.000	1535.000
0.600	4724330.200	1537.120
0.580	4724254.400	1536.810
0.560	4724236.400	1535.550
0.540	4724234.800	1533.430
0.520	4724189.100	1536.970
0.500	4724155.300	1535.540
0.480	4724135.800	1536.370
0.460	4724099.900	1534.600
0.440	4724063.300	1536.170
0.420	4724038.700	1536.920
0.400	4724016.800	1534.560
0.380	4724000.500	1536.050
0.360	4723962.500	1535.580
0.340	4723916.800	1536.310
0.320	4723818.700	1535.890
0.300	4723783.100	1535.140
0.280	4724162.400	1534.550
0.260	4724207.500	1536.040
0.240	4724347.600	1536.340
0.220	4724386.700	1535.570
0.200	4724408.800	1534.570
0.180	4724397.800	1535.110
0.160	4724370.400	1535.120
0.140	4724328.700	1535.100
0.120	4724247.400	1534.620
0.100	4724098.900	1535.670
0.080	4723931.000	1535.550
0.060	4723780.900	1535.940
0.040	4723623.700	1537.530
0.020	4723465.200	1535.660
0.000	4723161.700	1536.110
