1.000	4728528.700	1665.290
0.980	4728495.900	1665.150
0.960	4728499.800	1665.610
0.940	4728492.400	1664.450
0.920	4728500.100	1666.280
0.900	4728493.500	1667.070
0.880	4728481.200	1666.390
0.860	4728464.900	1665.640
0.840	4728459.900	1663.400
0.820	4728475.800	1665.640
0.800	4728489.200	1664.130
0.780	4728477.400	1666.580
0.760	4728479.100	1665.680
0.740	4728452.000	1665.820
0.720	4728462.500	1664.540
0.700	4728443.200	1665.360
0.680	4728434.900	1666.110
0.660	4728407.100	1664.880
0.640	4728405.500	1664.160
0.620	4728424.600	1664.810
0.600	4728397.200	1664.610
0.580	4728438.300	1666.130
0.560	4728425.600	1664.570
0.540	4728418.600	1666.010
0.520	4728439.800	1665.080
0.500	4728428.300	1664.750
0.480	4728438.000	1667.710
0.460	4728428.800	1665.400
0.440	4728426.000	1666.030
0.420	4728442.400	1665.080
0.400	4728439.000	1665.540
0.380	4728451.200	1662.540
0.360	4728449.500	1666.670
0.340	4728464.500	1664.800
0.320	4728810.200	1663.030
0.300	4728902.300	1667.440
0.280	4729083.500	1665.740
0.260	4729207.900	1665.590
0.240	4729273.900	1665.880
0.220	4729284.600	1664.670
0.200	4729349.400	1666.610
0.180	4729406.400	1666.300
0.160	4729394.700	1664.350
0.140	4729448.200	1666.190
0.120	4729414.300	1664.480
0.100	4729409.300	1667.680
0.080	4729407.000	1665.870
0.060	4729385.900	1664.380
0.040	4729362.900	1665.580
0.020	4729381.500	1665.080
0.000	4729362.200	1664.690
