1.000	4728163.700	1760.590
0.980	4728154.800	1760.540
0.960	4728158.700	1760.940
0.940	4728127.900	1758.440
0.920	4728132.500	1759.450
0.900	4728120.600	1760.800
0.880	4728108.100	1760.920
0.860	4728101.000	1759.370
0.840	4728087.400	1759.550
0.820	4728085.700	1761.880
0.800	4728081.100	1759.630
0.780	4728055.200	1760.200
0.760	4728056.200	1761.110
0.740	4728014.700	1759.840
0.720	4728023.600	1759.710
0.700	4727989.200	1760.490
0.680	4727989.200	1759.530
0.660	4727968.200	1759.280
0.640	4727949.100	1759.720
0.620	4727938.000	1759.870
0.600	4727929.900	1759.290
0.580	4727948.600	1759.760
0.560	4727938.200	1758.710
0.540	4727917.600	1760.330
0.520	4727911.900	1759.050
0.500	4727887.700	1760.820
0.480	4727911.300	1759.980
0.460	4727876.100	1759.110
0.440	4727846.300	1758.760
0.420	4727801.800	1758.870
0.400	4727774.400	1760.770
0.380	4727751.400	1761.130
0.360	4727701.100	1760.680
0.340	4727936.700	1759.910
0.320	4728067.500	1759.650
0.300	4728205.600	1760.760
0.280	4728274.500	1761.020
0.260	4728328.700	1757.640
0.240	4728331.200	1758.900
0.220	4728309.800	1760.160
0.200	4728308.600	1760.330
0.180	4728269.500	1759.950
0.160	4728198.800	1759.990
0.140	4728118.200	1759.270
0.120	4727956.600	1758.880
0.100	4727867.700	1760.810
0.080	4727711.900	1760.450
0.060	4727611.100	1759.590
0.040	4727405.300	1761.370
0.020	4727150.500	1761.220
0.000	4726934.400	1762.960
