1.000	4731541.500	1816.410
0.980	4731448.800	1816.990
0.960	4731457.700	1815.810
0.940	4731491.300	1813.470
0.920	4731479.500	1816.430
0.900	4731498.000	1815.730
0.880	4731504.100	1815.870
0.860	4731508.900	1816.260
0.840	4731520.500	1816.190
0.820	4731522.700	1814.510
0.800	4731534.000	1815.900
0.780	4731545.000	1814.130
0.760	4731551.000	1815.550
0.740	4731562.700	1815.960
0.720	4731549.500	1817.260
0.700	4731554.700	1816.140
0.680	4731528.200	1816.150
0.660	4731527.400	1814.580
0.640	4731544.500	1815.660
0.620	4731525.000	1817.890
0.600	4731580.400	1816.620
0.580	4731587.000	1817.610
0.560	4731615.700	1816.390
0.540	4731622.900	1816.010
0.520	4731614.000	1814.070
0.500	4731650.600	1818.130
0.480	4731653.600	1815.960
0.460	4731667.300	1816.560
0.440	4731701.400	1816.760
0.420	4731730.000	1816.240
0.400	4731736.900	1815.160
0.380	4731742.600	1817.640
0.360	4731838.800	1815.790
0.340	4732171.800	1817.130
0.320	4732287.400	1815.780
0.300	4732482.700	1816.560
0.280	4732567.600	1817.930
0.260	4732645.600	1818.090
0.240	4732694.300	1816.490
0.220	4732765.200	1813.970
0.200	4732810.200	1814.310
0.180	4732840.200	1816.550
0.160	4732863.100	1814.940
0.140	4732876.300	1815.360
0.120	4732890.100	1814.920
0.100	4732914.000	1817.980
0.080	4732913.000	1816.700
0.060	4732907.300	1815.180
0.040	4732939.000	1815.930
0.020	4732935.100	1814.530
0.000	4732950.400	1813.920
