1.000	4731770.600	1901.250
0.980	4731811.900	1906.780
0.960	4731827.600	1905.670
0.940	4731812.600	1907.790
0.920	4731817.800	1902.590
0.900	4731816.500	1902.880
0.880	4731851.900	1901.840
0.860	4731853.800	1903.950
0.840	4731882.700	1903.570
0.820	4731873.000	1903.080
0.800	4731876.400	1905.920
0.780	4731889.100	1906.950
0.760	4731881.400	1902.850
0.740	4731879.700	1903.420
0.720	4731854.500	1902.800
0.700	4731869.000	1902.380
0.680	4731868.100	1906.380
0.660	4731854.100	1904.370
0.640	4731866.500	1903.090
0.620	4731873.800	1902.550
0.600	4731838.900	1903.490
0.580	4731825.200	1904.100
0.560	4731818.800	1904.860
0.540	4731833.300	1903.540
0.520	4731826.700	1905.590
0.500	4731810.800	1902.580
0.480	4731824.800	1902.930
0.460	4731840.300	1903.380
0.440	4731852.300	1904.040
0.420	4731794.900	1904.490
0.400	4731795.200	1902.750
0.380	4731794.000	1901.870
0.360	4732089.500	1905.400
0.340	4732224.400	1902.600
0.320	4732364.300	1903.310
0.300	4732378.500	1902.440
0.280	4732427.800	1905.060
0.260	4732476.300	1903.510
0.240	4732479.000	1904.500
0.220	4732485.000	1904.160
0.200	4732465.600	1902.980
0.180	4732423.100	1907.290
0.160	4732337.800	1900.930
0.140	4732282.900	1904.280
0.120	4732204.800	1905.120
0.100	4732132.000	1903.130
0.080	4731960.200	1903.730
0.060	4731732.600	1905.180
0.040	4731390.300	1903.490
0.020	4731022.100	1905.810
0.000	4730433.000	1902.600
