2.000	4651798.700	1021.190
1.980	4651801.500	1019.700
1.960	4651791.600	1020.630
1.940	4651777.100	1020.060
1.920	4651758.200	1021.090
1.900	4651747.000	1019.080
1.880	4651754.700	1020.450
1.860	4651725.000	1019.400
1.840	4651747.300	1019.520
1.820	4651709.400	1020.480
1.800	4651721.500	1021.440
1.780	4651714.200	1020.190
1.760	4651683.900	1019.460
1.740	4651691.700	1019.590
1.720	4651688.200	1020.010
1.700	4651685.000	1020.190
1.680	4651651.400	1020.540
1.660	4651654.200	1020.140
1.640	4651650.400	1019.870
1.620	4651631.200	1021.310
1.600	4651618.400	1019.080
1.580	4651618.800	1020.370
1.560	4651615.600	1021.340
1.540	4651587.200	1019.030
1.520	4651588.000	1018.700
1.500	4651584.400	1020.870
1.480	4651604.500	1020.550
1.460	4651593.400	1020.540
1.440	4651608.700	1021.770
1.420	4651630.100	1019.760
1.400	4651672.800	1019.630
1.380	4651710.400	1020.890
1.360	4651787.100	1020.670
1.340	4651815.100	1021.400
1.320	4651944.100	1019.410
1.300	4652137.000	1021.030
1.280	4652275.100	1021.370
1.260	4652350.100	1020.690
1.240	4652405.200	1020.440
1.220	4652553.800	1020.470
1.200	4652606.200	1019.510
1.180	4652653.900	1019.060
1.160	4652691.300	1021.170
1.140	4652681.100	1020.190
1.120	4652693.600	1021.280
1.100	4652684.000	1021.140
1.080	4652686.600	1019.900
1.060	4652694.100	1020.250
1.040	4652696.400	1020.380
1.020	4652681.800	1020.390
1.000	4652668.600	1020.750
0.980	4652654.000	1020.540
0.960	4652633.600	1020.490
0.940	4652626.400	1021.610
0.920	4652614.400	1019.770
0.900	4652604.900	1020.580
0.880	4652565.300	1019.390
0.860	4652544.800	1019.440
0.840	4652512.200	1019.790
0.820	4652502.600	1019.920
0.800	4652479.300	1019.280
0.780	4652444.100	1020.790
0.760	4652433.800	1019.780
0.740	4652397.300	1020.730
0.720	4652372.100	1022.030
0.700	4652343.900	1018.810
0.680	4652326.100	1021.080
0.660	4652299.500	1019.300
0.640	4652257.400	1020.230
0.620	4652220.200	1019.790
0.600	4652189.000	1019.710
0.580	4652157.600	1020.610
0.560	4652103.100	1020.650
0.540	4652074.100	1021.030
0.520	4652025.700	1021.420
0.500	4651958.000	1020.850
