2.500	4656621.000	1231.260
2.480	4656629.300	1231.480
2.460	4656614.500	1230.450
2.440	4656641.700	1231.900
2.420	4656624.700	1232.650
2.400	4656623.900	1231.850
2.380	4656642.800	1232.100
2.360	4656631.300	1232.400
2.340	4656620.800	1231.210
2.320	4656623.100	1231.660
2.300	4656629.900	1231.600
2.280	4656634.600	1231.740
2.260	4656617.100	1231.460
2.240	4656623.500	1232.290
2.220	4656646.700	1232.200
2.200	4656616.400	1230.800
2.180	4656632.400	1231.850
2.160	4656616.200	1232.940
2.140	4656642.900	1230.970
2.120	4656633.600	1233.250
2.100	4656617.700	1231.770
2.080	4656631.500	1232.450
2.060	4656622.600	1231.100
2.040	4656611.200	1233.000
2.020	4656625.600	1231.020
2.000	4656605.400	1231.450
1.980	4656609.100	1231.620
1.960	4656590.100	1232.060
1.940	4656617.500	1231.650
1.920	4656597.000	1230.210
1.900	4656591.200	1232.060
1.880	4656598.500	1231.950
1.860	4656591.900	1230.820
1.840	4656609.600	1231.100
1.820	4656625.100	1230.520
1.800	4656597.200	1231.770
1.780	4656600.900	1232.290
1.760	4656615.200	1232.150
1.740	4656590.900	1230.180
1.720	4656632.300	1231.090
1.700	4656604.600	1233.320
1.680	4656603.800	1230.800
1.660	4656594.300	1232.000
1.640	4656616.100	1231.810
1.620	4656601.100	1232.150
1.600	4656636.500	1231.350
1.580	4656655.300	1232.460
1.560	4656707.600	1232.640
1.540	4656782.200	1232.380
1.520	4656886.300	1232.030
1.500	4656985.500	1231.330
1.480	4657055.000	1231.310
1.460	4657238.400	1232.160
1.440	4657308.600	1232.180
1.420	4657433.900	1231.790
1.400	4657578.400	1231.810
1.380	4657673.100	1231.230
1.360	4657697.100	1232.370
1.340	4657774.500	1232.490
1.320	4657825.800	1232.380
1.300	4657858.700	1231.610
1.280	4657892.600	1230.910
1.260	4657859.500	1231.530
1.240	4657883.500	1230.950
1.220	4657907.700	1231.320
1.200	4657898.200	1230.790
1.180	4657908.800	1232.300
1.160	4657921.300	1230.700
1.140	4657910.000	1231.040
1.120	4657935.200	1231.970
1.100	4657916.200	1231.820
1.080	4657981.600	1230.690
1.060	4657955.700	1231.850
1.040	4657989.500	1230.250
1.020	4657947.500	1230.350
1.000	4657955.500	1232.590
0.980	4657910.000	1231.460
0.960	4657916.700	1230.810
0.940	4657917.100	1231.570
0.920	4657957.200	1232.020
0.900	4657933.500	1232.130
0.880	4657913.800	1231.190
0.860	4657904.100	1231.770
0.840	4657930.600	1232.700
0.820	4657895.400	1230.860
0.800	4657936.800	1231.630
0.780	4657901.900	1231.610
0.760	4657902.500	1231.140
0.740	4657885.800	1231.700
0.720	4657880.900	1231.930
0.700	4657910.000	1230.720
0.680	4657907.700	1230.620
0.660	4657939.400	1231.830
0.640	4657894.500	1230.960
0.620	4657944.500	1232.250
0.600	4657923.100	1230.510
0.580	4657906.900	1233.590
0.560	4657922.700	1231.170
0.540	4657888.500	1231.390
0.520	4657881.800	1232.800
0.500	4657899.600	1230.790
