2.500	4655957.900	1389.800
2.480	4655951.500	1390.490
2.460	4655925.800	1388.370
2.440	4655910.800	1389.090
2.420	4655911.800	1390.600
2.400	4655896.300	1390.140
2.380	4655888.400	1390.150
2.360	4655884.300	1388.700
2.340	4655843.600	1389.470
2.320	4655851.100	1391.320
2.300	4655803.300	1388.820
2.280	4655819.500	1390.210
2.260	4655806.700	1389.200
2.240	4655810.100	1389.700
2.220	4655810.900	1388.710
2.200	4655790.400	1391.680
2.180	4655772.600	1389.750
2.160	4655768.300	1388.520
2.140	4655757.700	1389.360
2.120	4655741.800	1390.290
2.100	4655737.500	1390.760
2.080	4655726.000	1389.790
2.060	4655691.500	1389.720
2.040	4655673.300	1390.450
2.020	4655644.800	1388.620
2.000	4655619.700	1390.190
1.980	4655619.000	1390.130
1.960	4655616.700	1390.470
1.940	4655599.300	1389.770
1.920	4655581.100	1389.780
1.900	4655560.400	1389.900
1.880	4655552.300	1390.660
1.860	4655563.500	1391.440
1.840	4655557.300	1391.340
1.820	4655552.000	1390.250
1.800	4655544.600	1389.970
1.780	4655575.800	1389.530
1.760	4655569.800	1390.910
1.740	4655573.200	1388.020
1.720	4655599.400	1390.120
1.700	4655607.800	1390.380
1.680	4655652.500	1390.370
1.660	4655705.400	1387.460
1.640	4655744.800	1390.170
1.620	4655808.400	1389.710
1.600	4655889.900	1390.720
1.580	4656002.400	1389.850
1.560	4656065.300	1389.460
1.540	4656218.600	1389.860
1.520	4656310.100	1389.360
1.500	4656434.000	1390.360
1.480	4656522.000	1389.910
1.460	4656621.000	1388.470
1.440	4656714.200	1389.810
1.420	4656756.700	1390.550
1.400	4656788.900	1387.690
1.380	4656864.600	1391.460
1.360	4656914.400	1390.250
1.340	4656955.400	1388.920
1.320	4656973.100	1390.530
1.300	4656994.900	1389.660
1.280	4657009.800	1388.690
1.260	4657023.600	1388.750
1.240	4657004.100	1389.920
1.220	4657006.000	1388.890
1.200	4657002.300	1389.460
1.180	4656992.300	1390.150
1.160	4656943.100	1389.850
1.140	4656931.500	1391.030
1.120	4656906.800	1389.450
1.100	4656925.200	1390.280
1.080	4656919.300	1389.160
1.060	4656904.200	1389.220
1.040	4656883.800	1389.730
1.020	4656880.400	1390.300
1.000	4656874.600	1390.610
0.980	4656871.000	1388.190
0.960	4656858.500	1390.900
0.940	4656843.700	1389.380
0.920	4656795.200	1390.900
0.900	4656822.500	1390.290
0.880	4656769.100	1389.930
0.860	4656755.600	1388.710
0.840	4656744.600	1390.120
0.820	4656699.800	1388.250
0.800	4656647.200	1389.480
0.780	4656626.000	1388.930
0.760	4656621.200	1390.000
0.740	4656519.300	1389.830
0.720	4656484.500	1391.040
0.700	4656434.800	1389.560
0.680	4656421.000	1389.570
0.660	4656387.200	1390.070
0.640	4656382.800	1390.230
0.620	4656385.300	1389.610
0.600	4656347.400	1390.390
0.580	4656310.100	1389.600
0.560	4656331.900	1389.140
0.540	4656326.700	1389.480
0.520	4656365.700	1389.060
0.500	4656308.800	1390.530
