2.500	4627985.800	1536.380
2.480	4627966.200	1535.970
2.460	4627935.600	1535.150
2.440	4627929.800	1534.830
2.420	4627870.300	1536.550
2.400	4627849.000	1534.220
2.380	4627820.500	1535.580
2.360	4627831.600	1534.930
2.340	4627784.400	1534.010
2.320	4627764.900	1537.130
2.300	4627723.100	1534.700
2.280	4627719.000	1537.600
2.260	4627686.900	1535.000
2.240	4627659.500	1537.100
2.220	4627655.400	1534.590
2.200	4627615.000	1535.540
2.180	4627580.300	1534.710
2.160	4627533.600	1536.020
2.140	4627502.500	1535.590
2.120	4627461.100	1536.040
2.100	4627468.800	1536.330
2.080	4627441.500	1535.970
2.060	4627413.700	1535.590
2.040	4627404.500	1537.230
2.020	4627354.400	1536.190
2.000	4627327.600	1535.730
1.980	4627310.200	1536.780
1.960	4627295.600	1535.710
1.940	4627255.500	1535.690
1.920	4627239.700	1536.100
1.900	4627213.300	1535.280
1.880	4627183.600	1535.790
1.860	4627195.400	1535.360
1.840	4627144.900	1536.010
1.820	4627112.200	1535.280
1.800	4627076.800	1535.160
1.780	4627055.900	1535.850
1.760	4627022.300	1535.780
1.740	4627024.100	1533.880
1.720	4627002.700	1534.980
1.700	4627005.800	1536.880
1.680	4627023.900	1536.820
1.660	4627078.500	1536.280
1.640	4627110.700	1534.400
1.620	4627190.500	1534.790
1.600	4627210.500	1534.960
1.580	4627308.700	1536.310
1.560	4627359.800	1535.340
1.540	4627403.500	1535.750
1.520	4627443.100	1536.270
1.500	4627526.700	1535.780
1.480	4627552.300	1533.210
1.460	4627534.300	1535.970
1.440	4627565.900	1533.890
1.420	4627599.600	1536.020
1.400	4627606.300	1535.660
1.380	4627610.300	1536.240
1.360	4627617.500	1534.830
1.340	4627569.200	1533.820
1.320	4627540.900	1536.400
1.300	4627506.300	1536.100
1.280	4627465.200	1536.470
1.260	4627402.600	1535.890
1.240	4627363.100	1536.300
1.220	4627327.100	1535.680
1.200	4627281.400	1536.380
1.180	4627230.100	1534.290
1.160	4627190.600	1536.110
1.140	4627157.000	1534.300
1.120	4627112.700	1535.310
1.100	4627070.100	1535.610
1.080	4627025.000	1535.150
1.060	4626959.900	1535.670
1.040	4626922.300	1535.110
1.020	4626859.900	1535.320
1.000	4626802.000	1535.960
0.980	4626737.000	1533.780
0.960	4626702.100	1535.870
0.940	4626650.900	1536.610
0.920	4626557.200	1536.310
0.900	4626509.700	1535.770
0.880	4626409.600	1535.640
0.860	4626347.000	1536.330
0.840	4626213.700	1534.910
0.820	4626148.700	1535.400
0.800	4626099.500	1535.440
0.780	4625979.100	1534.240
0.760	4625913.800	1533.760
0.740	4625830.700	1534.290
0.720	4625740.200	1535.970
0.700	4625626.100	1535.200
0.680	4625484.700	1535.730
0.660	4625369.300	1535.410
0.640	4625182.500	1536.740
0.620	4625016.600	1536.040
0.600	4624887.800	1535.410
0.580	4624705.200	1535.620
0.560	4624569.700	1535.060
0.540	4624432.400	1535.060
0.520	4624246.300	1534.910
0.500	4624053.100	1535.850
