2.500	4650337.300	1665.330
2.480	4650307.300	1666.400
2.460	4650286.200	1665.800
2.440	4650278.700	1666.460
2.420	4650268.800	1664.770
2.400	4650231.500	1666.550
2.380	4650234.900	1663.650
2.360	4650190.500	1664.530
2.340	4650189.800	1666.930
2.320	4650133.300	1665.330
2.300	4650127.300	1666.360
2.280	4650118.100	1665.410
2.260	4650088.000	1663.630
2.240	4650056.900	1665.200
2.220	4650058.100	1665.260
2.200	4650054.000	1666.890
2.180	4650040.000	1664.730
2.160	4649995.900	1663.650
2.140	4649997.400	1665.410
2.120	4649974.000	1665.150
2.100	4649970.500	1663.210
2.080	4649962.000	1665.000
2.060	4649933.200	1667.030
2.040	4649919.200	1663.800
2.020	4649904.200	1665.210
2.000	4649892.100	1664.680
1.980	4649868.200	1666.380
1.960	4649843.000	1664.760
1.940	4649813.900	1666.190
1.920	4649813.800	1664.890
1.900	4649774.200	1664.750
1.880	4649760.300	1665.970
1.860	4649748.600	1666.890
1.840	4649747.600	1666.560
1.820	4649742.500	1666.050
1.800	4649737.800	1664.020
1.780	4649730.500	1664.320
1.760	4649717.600	1665.510
1.740	4649746.600	1665.960
1.720	4649741.700	1664.850
1.700	4649777.100	1666.400
1.680	4649847.600	1666.990
1.660	4649908.900	1665.320
1.640	4649965.400	1665.880
1.620	4650008.700	1665.090
1.600	4650112.000	1666.290
1.580	4650175.600	1664.460
1.560	4650239.300	1665.160
1.540	4650286.400	1666.060
1.520	4650375.500	1663.870
1.500	4650410.200	1666.260
1.480	4650409.600	1664.680
1.460	4650414.900	1665.790
1.440	4650444.400	1664.610
1.420	4650449.800	1665.210
1.400	4650452.300	1663.490
1.380	4650449.900	1665.910
1.360	4650443.600	1665.300
1.340	4650439.100	1666.590
1.320	4650416.200	1665.730
1.300	4650381.300	1664.390
1.280	4650330.300	1665.810
1.260	4650330.400	1664.710
1.240	4650292.500	1665.650
1.220	4650228.000	1664.600
1.200	4650202.900	1665.660
1.180	4650179.600	1665.430
1.160	4650141.500	1666.500
1.140	4650107.700	1667.260
1.120	4650069.100	1666.690
1.100	4650007.800	1665.620
1.080	4649955.300	1665.550
1.060	4649932.200	1663.590
1.040	4649883.700	1664.350
1.020	4649822.400	1666.780
1.000	4649740.300	1665.560
0.980	4649677.100	1666.360
0.960	4649585.600	1666.110
0.940	4649523.700	1664.150
0.920	4649450.400	1667.310
0.900	4649352.000	1664.120
0.880	4649285.900	1666.660
0.860	4649205.900	1663.420
0.840	4649114.000	1666.730
0.820	4649031.100	1663.820
0.800	4648937.100	1665.880
0.780	4648790.600	1664.940
0.760	4648690.000	1666.230
0.740	4648535.500	1665.640
0.720	4648390.100	1664.320
0.700	4648245.400	1666.660
0.680	4648104.300	1664.210
0.660	4647916.700	1665.380
0.640	4647708.300	1668.110
0.620	4647497.300	1665.870
0.600	4647294.800	1666.040
0.580	4647040.500	1664.860
0.560	4646777.100	1666.420
0.540	4646512.600	1665.690
0.520	4646174.600	1665.520
0.500	4645774.500	1665.110
