2.500	4653346.300	1760.780
2.480	4653338.100	1760.470
2.460	4653363.500	1762.030
2.440	4653341.000	1758.720
2.420	4653360.600	1760.470
2.400	4653317.100	1759.320
2.380	4653347.500	1760.590
2.360	4653353.000	1759.790
2.340	4653348.800	1759.080
2.320	4653325.800	1758.260
2.300	4653360.100	1760.350
2.280	4653350.700	1758.590
2.260	4653347.600	1758.610
2.240	4653332.700	1761.790
2.220	4653336.500	1759.480
2.200	4653331.400	1758.800
2.180	4653354.800	1761.020
2.160	4653329.300	1759.690
2.140	4653310.800	1760.250
2.120	4653332.600	1760.970
2.100	4653347.200	1759.060
2.080	4653342.200	1762.850
2.060	4653346.300	1756.880
2.040	4653336.500	1760.750
2.020	4653322.500	1760.020
2.000	4653325.600	1759.460
1.980	4653330.800	1761.430
1.960	4653344.000	1759.210
1.940	4653335.400	1759.100
1.920	4653318.500	1759.600
1.900	4653324.700	1759.340
1.880	4653314.800	1759.330
1.860	4653369.300	1759.140
1.840	4653362.000	1760.250
1.820	4653368.000	1758.210
1.800	4653352.700	1758.650
1.780	4653400.800	1758.990
1.760	4653447.300	1762.170
1.740	4653508.200	1759.630
1.720	4653552.000	1761.000
1.700	4653638.900	1760.100
1.680	4653687.100	1759.760
1.660	4653769.300	1759.040
1.640	4653889.900	1759.940
1.620	4653989.200	1760.440
1.600	4654088.500	1759.060
1.580	4654180.400	1762.000
1.560	4654257.600	1757.620
1.540	4654363.600	1757.890
1.520	4654420.400	1758.180
1.500	4654482.400	1761.550
1.480	4654545.300	1762.800
1.460	4654585.100	1760.950
1.440	4654612.400	1758.830
1.420	4654650.700	1760.430
1.400	4654672.500	1759.740
1.380	4654712.100	1759.640
1.360	4654710.300	1759.650
1.340	4654740.100	1760.130
1.320	4654737.300	1760.770
1.300	4654767.300	1757.610
1.280	4654768.600	1759.120
1.260	4654767.900	1760.100
1.240	4654752.500	1759.740
1.220	4654774.400	1760.050
1.200	4654783.800	1760.320
1.180	4654788.900	1758.650
1.160	4654786.200	1762.910
1.140	4654805.100	1758.140
1.120	4654795.300	1760.030
1.100	4654788.400	1760.350
1.080	4654802.900	1758.810
1.060	4654803.800	1757.870
1.040	4654808.100	1759.110
1.020	4654815.400	1759.450
1.000	4654800.100	1760.610
0.980	4654807.800	1759.100
0.960	4654814.200	1763.080
0.940	4654807.500	1760.600
0.920	4654812.900	1759.980
0.900	4654788.700	1759.760
0.880	4654792.100	1758.760
0.860	4654803.900	1761.580
0.840	4654810.000	1761.400
0.820	4654820.400	1759.810
0.800	4654801.500	1760.880
0.780	4654802.100	1762.140
0.760	4654802.400	1760.240
0.740	4654809.700	1759.340
0.720	4654815.400	1759.530
0.700	4654803.700	1760.910
0.680	4654818.500	1758.560
0.660	4654794.400	1761.590
0.640	4654782.800	1759.720
0.620	4654801.500	1759.150
0.600	4654792.600	1759.440
0.580	4654801.000	1757.710
0.560	4654811.900	1760.980
0.540	4654809.500	1760.040
0.520	4654794.700	1762.210
0.500	4654766.700	1759.050
