2.500	4652859.900	1816.320
2.480	4652851.000	1817.170
2.460	4652839.700	1814.050
2.440	4652837.600	1815.590
2.420	4652832.000	1815.890
2.400	4652826.600	1816.720
2.380	4652813.300	1815.900
2.360	4652813.400	1815.350
2.340	4652804.300	1816.740
2.320	4652795.600	1815.720
2.300	4652788.000	1815.940
2.280	4652772.100	1815.860
2.260	4652764.000	1815.670
2.240	4652734.600	1815.470
2.220	4652746.800	1816.550
2.200	4652716.600	1818.780
2.180	4652696.600	1815.450
2.160	4652695.000	1814.050
2.140	4652677.300	1816.000
2.120	4652665.100	1817.060
2.100	4652672.600	1814.570
2.080	4652659.800	1818.790
2.060	4652656.700	1814.760
2.040	4652633.900	1816.220
2.020	4652634.500	1817.120
2.000	4652629.100	1817.090
1.980	4652622.500	1814.320
1.960	4652612.800	1817.060
1.940	4652602.700	1816.260
1.920	4652599.000	1814.420
1.900	4652593.600	1818.160
1.880	4652584.600	1816.090
1.860	4652583.600	1815.010
1.840	4652571.000	1814.680
1.820	4652605.900	1815.960
1.800	4652610.800	1815.050
1.780	4652630.900	1816.920
1.760	4652642.700	1814.960
1.740	4652675.100	1817.790
1.720	4652771.400	1816.080
1.700	4652811.300	1817.730
1.680	4652878.100	1815.560
1.660	4652921.300	1818.280
1.640	4652989.900	1814.190
1.620	4653126.000	1815.890
1.600	4653175.700	1814.730
1.580	4653251.800	1814.690
1.560	4653346.700	1818.260
1.540	4653388.800	1818.990
1.520	4653452.500	1817.030
1.500	4653492.600	1816.510
1.480	4653498.600	1817.840
1.460	4653531.400	1812.870
1.440	4653538.400	1817.020
1.420	4653590.700	1816.050
1.400	4653615.000	1816.160
1.380	4653623.000	1816.530
1.360	4653633.600	1814.940
1.340	4653624.000	1818.180
1.320	4653626.700	1817.240
1.300	4653637.900	1817.360
1.280	4653609.000	1813.830
1.260	4653601.100	1818.510
1.240	4653591.700	1816.660
1.220	4653577.300	1815.620
1.200	4653581.100	1815.830
1.180	4653555.600	1815.780
1.160	4653549.100	1815.680
1.140	4653504.700	1815.110
1.120	4653471.200	1813.960
1.100	4653467.000	1816.160
1.080	4653443.100	1816.600
1.060	4653431.100	1817.320
1.040	4653422.600	1817.070
1.020	4653403.300	1812.780
1.000	4653359.800	1817.220
0.980	4653375.200	1815.680
0.960	4653330.700	1815.880
0.940	4653304.100	1815.180
0.920	4653260.100	1815.730
0.900	4653237.000	1815.430
0.880	4653219.600	1815.630
0.860	4653194.600	1816.220
0.840	4653146.000	1816.830
0.820	4653116.100	1815.740
0.800	4653077.800	1817.000
0.780	4653036.200	1813.830
0.760	4652967.200	1816.610
0.740	4652909.900	1817.790
0.720	4652848.100	1814.340
0.700	4652829.200	1815.350
0.680	4652750.000	1815.580
0.660	4652695.000	1812.840
0.640	4652650.800	1814.870
0.620	4652585.800	1817.610
0.600	4652529.000	1814.990
0.580	4652450.800	1816.230
0.560	4652372.400	1815.950
0.540	4652284.900	1816.990
0.520	4652157.700	1815.990
0.500	4651968.000	1816.270
