2.500	4549592.600	1905.860
2.480	4549597.300	1902.680
2.460	4549611.400	1904.420
2.440	4549631.100	1903.890
2.420	4549640.500	1906.880
2.400	4549667.200	1904.360
2.380	4549679.000	1902.240
2.360	4549700.800	1904.120
2.340	4549721.600	1903.640
2.320	4549734.800	1903.570
2.300	4549759.100	1902.860
2.280	4549769.800	1903.300
2.260	4549792.300	1904.610
2.240	4549814.400	1903.940
2.220	4549833.500	1903.730
2.200	4549857.200	1903.150
2.180	4549868.400	1904.800
2.160	4549904.800	1904.500
2.140	4549926.400	1903.160
2.120	4549932.400	1904.100
2.100	4549954.500	1904.610
2.080	4549979.500	1903.910
2.060	4549982.800	1905.230
2.040	4550024.100	1903.660
2.020	4550033.200	1903.200
2.000	4550071.000	1905.250
1.980	4550093.300	1902.330
1.960	4550109.000	1904.680
1.940	4550143.600	1903.080
1.920	4550167.600	1903.950
1.900	4550209.800	1903.280
1.880	4550223.600	1902.540
1.860	4550256.700	1902.630
1.840	4550303.900	1900.930
1.820	4550343.700	1902.290
1.800	4550395.600	1905.560
1.780	4550462.500	1903.780
1.760	4550539.600	1905.380
1.740	4550625.300	1903.650
1.720	4550712.300	1906.390
1.700	4550796.200	1903.440
1.680	4550881.000	1904.650
1.660	4551009.200	1902.940
1.640	4551146.100	1903.910
1.620	4551231.800	1903.960
1.600	4551336.600	1905.620
1.580	4551455.200	1904.340
1.560	4551549.300	1904.390
1.540	4551641.200	1903.750
1.520	4551709.800	1904.550
1.500	4551795.700	1902.740
1.480	4551846.200	1904.200
1.460	4551922.300	1904.060
1.440	4551987.700	1902.100
1.420	4552043.200	1904.150
1.400	4552086.700	1902.760
1.380	4552141.100	1903.290
1.360	4552156.600	1905.290
1.340	4552186.000	1904.950
1.320	4552225.300	1903.510
1.300	4552258.000	1903.650
1.280	4552270.400	1906.060
1.260	4552313.700	1902.700
1.240	4552346.100	1905.090
1.220	4552377.300	1904.240
1.200	4552409.200	1902.470
1.180	4552432.900	1902.470
1.160	4552453.800	1902.100
1.140	4552498.100	1905.650
1.120	4552514.200	1902.470
1.100	4552537.700	1904.420
1.080	4552568.400	1904.620
1.060	4552601.000	1903.410
1.040	4552625.000	1902.680
1.020	4552651.400	1906.540
1.000	4552671.700	1905.580
0.980	4552695.100	1903.500
0.960	4552720.800	1904.960
0.940	4552752.000	1902.730
0.920	4552773.300	1904.380
0.900	4552802.700	1903.280
0.880	4552832.200	1903.950
0.860	4552859.500	1903.900
0.840	4552887.600	1904.710
0.820	4552920.200	1904.980
0.800	4552948.400	1904.240
0.780	4552977.200	1904.080
0.760	4552994.700	1903.040
0.740	4553018.800	1904.170
0.720	4553041.700	1901.290
0.700	4553066.600	1904.630
0.680	4553087.500	1904.660
0.660	4553127.500	1904.270
0.640	4553149.600	1903.260
0.620	4553166.600	1904.220
0.600	4553193.900	1903.700
0.580	4553216.500	1902.880
0.560	4553234.000	1905.010
0.540	4553264.700	1902.440
0.520	4553287.700	1902.910
0.500	4553323.100	1905.180
