1.000	4642847.700	570.973
0.990	4642854.400	570.528
0.980	4642843.700	570.938
0.970	4642823.500	570.878
0.960	4642832.100	570.909
0.950	4642829.600	570.563
0.940	4642811.000	571.008
0.930	4642805.200	570.680
0.920	4642812.700	570.795
0.910	4642779.400	570.558
0.900	4642763.300	570.783
0.890	4642725.300	571.168
0.880	4642711.100	570.880
0.870	4642710.000	570.563
0.860	4642668.900	570.835
0.850	4642663.700	570.778
0.840	4642652.000	570.828
0.830	4642621.700	571.085
0.820	4642604.100	570.640
0.810	4642580.100	570.757
0.800	4642576.300	570.884
0.790	4642574.600	571.125
0.780	4642536.400	570.485
0.770	4642516.300	570.928
0.760	4642506.100	570.919
0.750	4642493.100	570.829
0.740	4642463.300	570.854
0.730	4642449.900	570.827
0.720	4642431.400	570.734
0.710	4642413.200	570.718
0.700	4642400.500	570.782
0.690	4642389.500	570.893
0.680	4642361.800	570.911
0.670	4642335.500	570.566
0.660	4642314.900	570.754
0.650	4642298.200	570.816
0.640	4642284.700	570.647
0.630	4642270.500	570.822
0.620	4642253.900	570.833
0.610	4642233.800	571.002
0.600	4642225.000	570.779
0.590	4642222.200	570.650
0.580	4642194.100	571.091
0.570	4642176.100	570.695
0.560	4642162.100	570.766
0.550	4642147.500	570.650
0.540	4642135.300	571.108
0.530	4642118.300	571.006
0.520	4642101.100	571.100
0.510	4642069.400	571.013
0.500	4642064.300	570.744
0.490	4642055.600	570.629
0.480	4642037.300	570.789
0.470	4641989.800	570.991
0.460	4642001.000	570.821
0.450	4641971.000	570.641
0.440	4641955.400	570.927
0.430	4641947.700	570.643
0.420	4641910.600	570.833
0.410	4641893.500	570.767
0.400	4641888.800	570.651
0.390	4641874.900	570.979
0.380	4641848.300	570.825
0.370	4641840.300	570.560
0.360	4641820.300	570.803
0.350	4641790.500	570.795
0.340	4641778.700	570.869
0.330	4641758.600	570.505
0.320	4641745.300	570.705
0.310	4641743.200	571.112
0.300	4641728.900	571.079
0.290	4641724.800	570.685
0.280	4641709.300	570.622
0.270	4641694.000	570.861
0.260	4641669.600	570.942
0.250	4641653.900	570.585
0.240	4641637.700	570.831
0.230	4641627.900	571.003
0.220	4641620.500	570.644
0.210	4641603.200	570.476
0.200	4641578.700	570.920
0.190	4641647.600	571.030
0.180	4641842.600	570.728
0.170	4642804.600	571.091
0.160	4642943.600	570.714
0.150	4643031.400	570.948
0.140	4643062.700	570.758
0.130	4643083.100	570.770
0.120	4643081.900	570.775
0.110	4643083.800	570.931
0.100	4643095.400	570.657
0.090	4643058.800	570.860
0.080	4643048.700	570.754
0.070	4643010.200	570.687
0.060	4642992.700	571.039
0.050	4642963.900	570.682
0.040	4642923.800	570.851
0.030	4642914.800	571.016
0.020	4642872.100	570.892
0.010	4642854.100	570.784
0.000	4642844.900	570.793
