1.000	4640455.900	603.845
0.990	4640435.900	604.086
0.980	4640392.400	603.905
0.970	4640371.500	603.985
0.960	4640362.000	603.904
0.950	4640329.500	603.732
0.940	4640312.600	604.137
0.930	4640264.500	603.749
0.920	4640249.400	604.047
0.910	4640251.900	604.168
0.900	4640209.100	603.834
0.890	4640185.400	603.886
0.880	4640147.100	604.022
0.870	4640129.500	603.876
0.860	4640122.400	603.573
0.850	4640082.900	604.183
0.840	4640067.300	603.954
0.830	4640031.800	604.085
0.820	4639982.500	603.639
0.810	4639966.900	603.932
0.800	4639956.800	603.820
0.790	4639938.500	603.899
0.780	4639895.400	603.726
0.770	4639866.700	603.898
0.760	4639830.300	604.251
0.750	4639818.200	603.608
0.740	4639785.500	604.101
0.730	4639761.100	603.885
0.720	4639746.900	603.921
0.710	4639729.600	604.003
0.700	4639705.700	603.958
0.690	4639677.800	603.903
0.680	4639641.800	604.086
0.670	4639627.000	603.937
0.660	4639593.000	604.057
0.650	4639574.800	604.027
0.640	4639548.100	603.941
0.630	4639531.900	604.097
0.620	4639503.400	603.927
0.610	4639479.500	603.878
0.600	4639454.900	603.892
0.590	4639431.100	604.227
0.580	4639388.400	604.037
0.570	4639378.100	604.119
0.560	4639347.900	603.657
0.550	4639322.400	604.089
0.540	4639302.700	603.852
0.530	4639273.000	603.725
0.520	4639240.300	604.269
0.510	4639229.100	603.995
0.500	4639213.700	603.999
0.490	4639183.000	603.656
0.480	4639172.800	603.741
0.470	4639137.900	604.051
0.460	4639120.200	603.786
0.450	4639102.900	604.050
0.440	4639063.500	603.980
0.430	4639059.100	603.862
0.420	4639042.200	604.289
0.410	4639007.500	603.458
0.400	4638987.500	603.828
0.390	4638966.400	603.715
0.380	4639594.300	604.181
0.370	4639950.600	604.026
0.360	4640087.500	604.066
0.350	4640185.300	603.734
0.340	4640238.000	603.852
0.330	4640240.800	603.726
0.320	4640272.600	604.065
0.310	4640250.200	604.447
0.300	4640276.500	603.620
0.290	4640261.700	603.829
0.280	4640260.800	603.766
0.270	4640242.700	604.325
0.260	4640223.500	603.706
0.250	4640205.100	603.929
0.240	4640196.100	604.228
0.230	4640177.400	603.760
0.220	4640157.900	604.068
0.210	4640132.100	603.947
0.200	4640109.300	603.811
0.190	4640090.700	603.957
0.180	4640056.600	604.245
0.170	4640036.600	603.649
0.160	4640016.600	603.836
0.150	4639985.200	604.070
0.140	4639959.900	603.913
0.130	4639932.300	603.791
0.120	4639914.500	604.111
0.110	4639878.700	603.852
0.100	4639875.400	604.053
0.090	4639848.600	603.789
0.080	4639821.600	603.920
0.070	4639801.700	603.909
0.060	4639740.700	604.080
0.050	4639721.000	603.772
0.040	4639700.900	604.272
0.030	4639657.400	603.796
0.020	4639634.300	603.982
0.010	4639611.400	603.928
0.000	4639587.900	603.667
