1.000	4636797.300	650.688
0.990	4636775.400	650.151
0.980	4636759.700	650.600
0.970	4636729.600	650.234
0.960	4636700.100	650.422
0.950	4636700.700	650.703
0.940	4636647.600	650.095
0.930	4636648.400	650.278
0.920	4636602.200	650.540
0.910	4636595.000	650.392
0.900	4636579.200	650.340
0.890	4636547.800	650.792
0.880	4636524.200	650.180
0.870	4636477.700	650.190
0.860	4636468.300	650.255
0.850	4636452.400	650.435
0.840	4636433.500	650.523
0.830	4636406.500	650.417
0.820	4636403.400	650.167
0.810	4636369.000	650.257
0.800	4636359.200	650.601
0.790	4636338.300	650.123
0.780	4636311.100	650.622
0.770	4636311.200	650.446
0.760	4636278.300	650.001
0.750	4636257.100	650.290
0.740	4636235.600	650.251
0.730	4636207.900	650.404
0.720	4636197.200	650.520
0.710	4636157.900	650.056
0.700	4636158.700	650.330
0.690	4636133.900	650.263
0.680	4636108.600	650.696
0.670	4636110.200	650.298
0.660	4636100.300	650.308
0.650	4636074.400	650.269
0.640	4636062.500	650.399
0.630	4636048.800	650.681
0.620	4636022.400	650.331
0.610	4636033.000	650.380
0.600	4636325.600	650.599
0.590	4636646.700	650.233
0.580	4636872.100	650.371
0.570	4636959.500	650.295
0.560	4637065.300	650.363
0.550	4637070.000	650.611
0.540	4637117.200	650.234
0.530	4637170.500	650.615
0.520	4637176.900	649.975
0.510	4637188.300	650.191
0.500	4637205.700	650.259
0.490	4637214.900	650.607
0.480	4637228.000	650.350
0.470	4637225.100	650.298
0.460	4637240.700	650.188
0.450	4637246.100	650.159
0.440	4637253.300	650.247
0.430	4637256.600	650.395
0.420	4637246.900	650.326
0.410	4637249.600	650.536
0.400	4637250.000	650.279
0.390	4637264.800	650.355
0.380	4637254.400	650.254
0.370	4637264.100	650.245
0.360	4637259.900	650.622
0.350	4637255.700	650.452
0.340	4637244.400	650.288
0.330	4637285.000	650.358
0.320	4637274.800	650.370
0.310	4637289.000	650.406
0.300	4637272.300	650.175
0.290	4637288.400	649.889
0.280	4637291.500	650.404
0.270	4637299.700	650.403
0.260	4637278.700	650.462
0.250	4637270.100	650.351
0.240	4637271.200	650.338
0.230	4637282.100	650.267
0.220	4637295.200	650.061
0.210	4637289.300	650.152
0.200	4637313.900	650.481
0.190	4637323.800	650.530
0.180	4637352.900	650.095
0.170	4637353.500	650.226
0.160	4637385.600	650.458
0.150	4637411.400	650.322
0.140	4637411.600	650.447
0.130	4637450.900	650.184
0.120	4637468.300	650.883
0.110	4637493.200	650.136
0.100	4637511.700	650.486
0.090	4637522.800	650.375
0.080	4637557.000	650.266
0.070	4637556.300	650.697
0.060	4637602.400	650.610
0.050	4637622.800	650.604
0.040	4637617.100	650.050
0.030	4637643.000	650.041
0.020	4637678.100	650.094
0.010	4637679.700	650.103
0.000	4637693.900	650.314
