2.000	4637722.500	755.508
1.980	4637725.900	755.740
1.960	4637760.500	755.432
1.940	4637773.600	755.630
1.920	4637807.300	755.348
1.900	4637844.300	755.521
1.880	4637873.300	755.603
1.860	4637889.300	755.474
1.840	4637917.800	755.688
1.820	4637938.800	755.721
1.800	4637954.200	755.766
1.780	4637996.400	755.533
1.760	4638006.400	755.625
1.740	4638030.700	756.071
1.720	4638074.200	755.919
1.700	4638102.400	755.035
1.680	4638139.300	755.709
1.660	4638146.900	755.941
1.640	4638169.700	756.024
1.620	4638197.000	755.612
1.600	4638217.300	755.743
1.580	4638243.200	755.648
1.560	4638265.400	755.868
1.540	4638287.700	755.388
1.520	4638326.600	756.027
1.500	4638365.000	755.800
1.480	4638385.800	755.365
1.460	4638394.900	755.800
1.440	4638441.500	755.778
1.420	4638467.300	755.383
1.400	4638509.700	755.732
1.380	4638541.800	755.471
1.360	4638575.100	755.649
1.340	4638605.200	755.932
1.320	4638628.600	755.170
1.300	4638663.700	755.725
1.280	4638708.100	755.704
1.260	4638721.400	755.672
1.240	4638757.400	755.476
1.220	4638779.000	755.360
1.200	4638825.900	755.637
1.180	4638853.500	755.705
1.160	4638885.000	755.362
1.140	4638915.500	755.778
1.120	4638968.100	755.650
1.100	4638988.200	755.775
1.080	4639033.500	755.792
1.060	4639070.300	755.190
1.040	4639117.400	755.683
1.020	4639161.300	755.821
1.000	4639192.400	755.609
0.980	4639226.800	755.403
0.960	4639267.700	755.835
0.940	4639346.100	755.490
0.920	4639481.100	755.556
0.900	4639837.700	755.974
0.880	4640291.800	755.736
0.860	4640469.200	755.747
0.840	4640616.600	756.031
0.820	4640720.500	755.363
0.800	4640789.900	755.937
0.780	4640874.000	755.541
0.760	4640951.200	755.352
0.740	4641001.300	755.336
0.720	4641069.400	755.589
0.700	4641136.100	755.888
0.680	4641187.500	755.540
0.660	4641242.700	755.229
0.640	4641268.700	755.745
0.620	4641320.700	755.860
0.600	4641379.200	755.667
0.580	4641417.900	755.882
0.560	4641453.800	755.233
0.540	4641510.400	755.531
0.520	4641542.200	755.915
0.500	4641587.500	754.908
