2.000	4641670.800	904.460
1.980	4641709.000	903.940
1.960	4641755.300	905.260
1.940	4641753.300	904.590
1.920	4641808.500	904.510
1.900	4641847.500	903.760
1.880	4641896.000	904.420
1.860	4641933.800	903.390
1.840	4641978.200	905.010
1.820	4642028.000	903.900
1.800	4642093.600	903.280
1.780	4642113.600	904.760
1.760	4642173.700	904.100
1.740	4642229.300	903.850
1.720	4642251.100	904.280
1.700	4642309.700	903.940
1.680	4642347.500	904.580
1.660	4642403.500	903.760
1.640	4642445.000	904.010
1.620	4642486.100	903.290
1.600	4642532.800	904.180
1.580	4642572.100	904.980
1.560	4642637.600	904.120
1.540	4642689.500	903.830
1.520	4642728.800	904.620
1.500	4642774.800	904.910
1.480	4642827.700	904.230
1.460	4642863.700	903.680
1.440	4642876.600	904.570
1.420	4642940.300	903.770
1.400	4643000.100	903.740
1.380	4643042.300	904.410
1.360	4643107.700	904.060
1.340	4643175.000	904.440
1.320	4643244.500	903.960
1.300	4643291.900	903.760
1.280	4643366.700	904.470
1.260	4643440.900	903.890
1.240	4643530.000	903.760
1.220	4643628.100	903.450
1.200	4643765.700	903.950
1.180	4643937.900	904.750
1.160	4644151.000	904.570
1.140	4644422.900	903.670
1.120	4644582.500	904.750
1.100	4644856.300	903.680
1.080	4645018.000	904.430
1.060	4645117.600	903.940
1.040	4645237.400	904.760
1.020	4645344.200	903.940
1.000	4645445.000	904.180
0.980	4645545.000	905.030
0.960	4645611.400	904.310
0.940	4645696.300	903.980
0.920	4645738.600	904.040
0.900	4645853.000	903.280
0.880	4645898.700	903.820
0.860	4645963.600	904.610
0.840	4646038.000	903.580
0.820	4646109.300	904.080
0.800	4646173.600	903.050
0.780	4646234.000	903.940
0.760	4646279.400	904.040
0.740	4646355.600	904.120
0.720	4646400.400	904.550
0.700	4646481.100	903.690
0.680	4646552.200	903.880
0.660	4646631.000	904.310
0.640	4646662.100	904.060
0.620	4646727.900	904.730
0.600	4646796.700	903.720
0.580	4646840.200	904.380
0.560	4646913.000	904.400
0.540	4646956.700	903.760
0.520	4647050.800	904.310
0.500	4647089.800	904.340
