1.000	4689843.000	1019.840
0.980	4689830.000	1021.250
0.960	4689836.800	1020.970
0.940	4689812.600	1020.160
0.920	4689814.200	1020.540
0.900	4689776.200	1019.400
0.880	4689781.200	1020.090
0.860	4689785.300	1021.010
0.840	4689763.300	1021.510
0.820	4689734.000	1019.740
0.800	4689719.300	1020.450
0.780	4689697.200	1020.670
0.760	4689712.300	1018.430
0.740	4689687.100	1020.210
0.720	4689685.300	1020.640
0.700	4689675.500	1020.950
0.680	4689655.300	1020.170
0.660	4689631.300	1020.620
0.640	4689622.600	1020.650
0.620	4689596.400	1020.130
0.600	4689577.400	1021.120
0.580	4689550.100	1021.360
0.560	4689522.700	1020.350
0.540	4689493.900	1020.330
0.520	4689483.900	1020.360
0.500	4689454.400	1021.500
0.480	4689447.700	1020.520
0.460	4689403.700	1019.980
0.440	4689380.300	1020.550
0.420	4689338.300	1020.480
0.400	4689321.300	1020.540
0.380	4689266.100	1020.780
0.360	4689253.000	1020.730
0.340	4689208.900	1019.990
0.320	4689168.400	1020.640
0.300	4689154.400	1019.910
0.280	4689085.100	1019.720
0.260	4689039.300	1020.930
0.240	4689002.700	1020.200
0.220	4688935.600	1020.580
0.200	4688874.400	1020.870
0.180	4688827.600	1020.980
0.160	4688726.400	1020.560
0.140	4688653.700	1019.820
0.120	4688549.400	1019.760
0.100	4690248.700	1020.900
0.080	4690257.100	1020.520
0.060	4690157.700	1020.610
0.040	4690032.600	1020.370
0.020	4689872.800	1020.570
0.000	4689682.700	1021.160
