1.000	4680357.000	1231.400
0.980	4680319.200	1231.820
0.960	4680282.600	1230.870
0.940	4680259.100	1232.150
0.920	4680232.700	1232.590
0.900	4680182.300	1229.610
0.880	4680137.900	1229.760
0.860	4680107.900	1230.790
0.840	4680075.900	1230.490
0.820	4680020.600	1231.950
0.800	4679953.500	1232.040
0.780	4679902.600	1230.120
0.760	4679856.500	1232.110
0.740	4679815.600	1232.170
0.720	4679788.500	1231.090
0.700	4679747.200	1231.790
0.680	4679692.800	1232.430
0.660	4679632.300	1231.380
0.640	4679584.400	1231.210
0.620	4679553.200	1228.950
0.600	4679512.100	1231.270
0.580	4679460.600	1231.290
0.560	4679409.000	1231.730
0.540	4679380.500	1231.620
0.520	4679312.900	1232.880
0.500	4679260.400	1231.390
0.480	4679213.300	1230.880
0.460	4679132.900	1232.100
0.440	4679056.700	1232.030
0.420	4678993.100	1230.840
0.400	4678914.500	1232.480
0.380	4678840.200	1231.570
0.360	4678741.900	1230.290
0.340	4678641.400	1231.900
0.320	4678518.800	1232.390
0.300	4678385.900	1231.590
0.280	4678245.200	1231.760
0.260	4678164.700	1232.390
0.240	4679736.200	1231.460
0.220	4679698.800	1231.940
0.200	4679551.400	1232.730
0.180	4679375.600	1231.970
0.160	4679154.100	1232.400
0.140	4678946.400	1230.400
0.120	4678754.200	1231.670
0.100	4678470.400	1232.460
0.080	4678252.200	1232.220
0.060	4677994.000	1230.910
0.040	4677671.900	1230.750
0.020	4677309.000	1231.560
0.000	4676942.000	1231.660
