1.000	4685572.100	1388.220
0.980	4685573.400	1389.950
0.960	4685526.200	1390.630
0.940	4685506.400	1389.840
0.920	4685503.300	1390.610
0.900	4685496.300	1390.090
0.880	4685511.400	1391.110
0.860	4685514.600	1389.080
0.840	4685518.900	1389.830
0.820	4685518.100	1389.560
0.800	4685513.300	1389.830
0.780	4685522.400	1389.980
0.760	4685562.100	1391.080
0.740	4685566.900	1389.110
0.720	4685583.300	1390.160
0.700	4685591.600	1389.440
0.680	4685598.500	1389.350
0.660	4685633.700	1390.760
0.640	4685664.000	1389.400
0.620	4685624.300	1390.110
0.600	4685666.300	1389.780
0.580	4685633.100	1390.680
0.560	4685632.500	1390.290
0.540	4685621.500	1390.730
0.520	4685608.900	1390.320
0.500	4685567.200	1389.400
0.480	4685573.500	1390.690
0.460	4685570.900	1390.990
0.440	4685545.000	1391.150
0.420	4685524.000	1390.580
0.400	4685510.500	1388.810
0.380	4685473.100	1390.020
0.360	4685357.000	1390.280
0.340	4685330.800	1390.390
0.320	4685671.800	1390.760
0.300	4686969.500	1389.730
0.280	4687048.100	1388.790
0.260	4687056.400	1388.570
0.240	4687062.000	1387.940
0.220	4687057.300	1389.460
0.200	4687073.800	1387.960
0.180	4687109.900	1390.860
0.160	4687068.400	1389.300
0.140	4687046.600	1388.770
0.120	4686996.000	1390.160
0.100	4686899.900	1390.090
0.080	4686727.300	1389.990
0.060	4686626.100	1389.750
0.040	4686490.000	1389.670
0.020	4686236.100	1390.790
0.000	4685937.900	1388.680
