1.000	4665977.700	1536.110
0.980	4665929.800	1536.710
0.960	4665884.300	1535.170
0.940	4665817.300	1535.660
0.920	4665777.700	1535.690
0.900	4665693.100	1536.330
0.880	4665653.200	1536.330
0.860	4665589.500	1536.350
0.840	4665521.200	1535.180
0.820	4665467.900	1536.910
0.800	4665415.100	1535.850
0.780	4665345.500	1535.630
0.760	4665279.400	1535.120
0.740	4665235.700	1536.640
0.720	4665154.700	1536.040
0.700	4665101.500	1537.330
0.680	4665057.700	1533.920
0.660	4665000.600	1536.120
0.640	4664941.300	1533.540
0.620	4664841.800	1537.090
0.600	4664806.600	1536.810
0.580	4664742.000	1535.040
0.560	4664640.700	1536.150
0.540	4664560.600	1535.610
0.520	4664470.100	1535.410
0.500	4664359.800	1535.160
0.480	4664231.500	1535.790
0.460	4664115.000	1536.930
0.440	4664009.200	1535.680
0.420	4663916.000	1536.440
0.400	4663788.700	1534.470
0.380	4663669.200	1534.580
0.360	4664552.800	1537.070
0.340	4664938.300	1534.730
0.320	4665027.600	1535.180
0.300	4664967.300	1534.590
0.280	4664837.000	1533.690
0.260	4664685.500	1537.540
0.240	4664518.500	1535.720
0.220	4664329.500	1534.130
0.200	4664100.800	1535.450
0.180	4663894.800	1536.230
0.160	4663619.400	1535.540
0.140	4663420.100	1535.470
0.120	4663133.500	1536.040
0.100	4662843.000	1534.490
0.080	4662496.500	1535.270
0.060	4661993.900	1535.860
0.040	4661556.100	1536.250
0.020	4660994.500	1534.170
0.000	4660406.000	1536.700
