1.000	4686326.700	1666.330
0.980	4686287.500	1663.220
0.960	4686303.700	1665.860
0.940	4686297.600	1666.050
0.920	4686280.100	1665.250
0.900	4686263.900	1666.640
0.880	4686253.500	1664.660
0.860	4686225.400	1666.380
0.840	4686230.900	1666.020
0.820	4686198.900	1665.050
0.800	4686205.500	1664.300
0.780	4686197.100	1665.890
0.760	4686165.100	1663.600
0.740	4686160.300	1667.700
0.720	4686132.000	1666.090
0.700	4686147.700	1665.950
0.680	4686112.900	1664.420
0.660	4686107.800	1664.960
0.640	4686107.700	1665.550
0.620	4686080.400	1665.640
0.600	4686060.300	1665.180
0.580	4686041.900	1665.050
0.560	4686018.400	1664.190
0.540	4685988.900	1663.970
0.520	4685971.600	1664.580
0.500	4685975.800	1666.440
0.480	4685949.500	1665.260
0.460	4685907.400	1666.160
0.440	4685884.300	1666.880
0.420	4685859.400	1666.220
0.400	4686346.100	1665.430
0.380	4687197.500	1666.350
0.360	4687419.800	1666.980
0.340	4687473.500	1665.100
0.320	4687496.700	1663.450
0.300	4687482.200	1665.470
0.280	4687409.800	1666.430
0.260	4687401.400	1666.370
0.240	4687367.600	1666.900
0.220	4687331.000	1665.540
0.200	4687240.700	1664.130
0.180	4687161.600	1666.180
0.160	4687067.000	1665.350
0.140	4686994.800	1664.990
0.120	4686872.000	1666.630
0.100	4686755.900	1666.480
0.080	4686635.900	1665.620
0.060	4686517.500	1664.730
0.040	4686364.900	1665.400
0.020	4686197.000	1666.010
0.000	4685988.400	1663.980
