1.000	4689987.700	1760.760
0.980	4689960.300	1760.420
0.960	4689965.700	1761.880
0.940	4689959.600	1758.320
0.920	4689956.800	1760.710
0.900	4689946.000	1760.430
0.880	4689949.000	1758.400
0.860	4689952.000	1762.760
0.840	4689938.700	1760.360
0.820	4689926.900	1760.480
0.800	4689929.200	1757.800
0.780	4689904.900	1761.660
0.760	4689909.400	1759.860
0.740	4689893.500	1761.660
0.720	4689894.400	1759.790
0.700	4689829.500	1759.020
0.680	4689832.500	1758.640
0.660	4689819.700	1760.520
0.640	4689782.400	1760.210
0.620	4689787.200	1762.440
0.600	4689765.800	1756.890
0.580	4689755.500	1758.130
0.560	4689750.600	1760.400
0.540	4689725.400	1761.250
0.520	4689717.700	1759.660
0.500	4689717.300	1759.940
0.480	4689700.000	1760.770
0.460	4689689.400	1760.840
0.440	4689689.200	1756.220
0.420	4689994.400	1761.910
0.400	4691096.200	1759.880
0.380	4691257.000	1761.940
0.360	4691367.400	1759.500
0.340	4691391.700	1760.670
0.320	4691399.900	1758.740
0.300	4691386.300	1759.300
0.280	4691380.900	1760.300
0.260	4691373.200	1758.340
0.240	4691341.000	1758.470
0.220	4691313.700	1759.970
0.200	4691280.600	1760.340
0.180	4691233.300	1761.880
0.160	4691173.500	1760.280
0.140	4691113.400	1761.160
0.120	4691060.600	1759.480
0.100	4690985.800	1757.600
0.080	4690888.100	1760.500
0.060	4690796.100	1759.180
0.040	4690669.200	1759.470
0.020	4690534.600	1759.160
0.000	4690362.400	1758.660
