1.000	4686745.800	1816.160
0.980	4686746.800	1813.580
0.960	4686712.500	1817.200
0.940	4686705.300	1817.860
0.920	4686695.400	1817.080
0.900	4686635.900	1816.140
0.880	4686620.200	1817.320
0.860	4686613.800	1818.270
0.840	4686593.200	1814.460
0.820	4686556.200	1818.090
0.800	4686512.500	1814.890
0.780	4686498.300	1816.120
0.760	4686463.800	1814.210
0.740	4686416.100	1816.800
0.720	4686376.000	1817.200
0.700	4686356.800	1818.080
0.680	4686303.800	1814.600
0.660	4686264.100	1811.100
0.640	4686231.000	1815.960
0.620	4686196.800	1815.350
0.600	4686166.200	1816.370
0.580	4686117.700	1814.960
0.560	4686079.700	1816.580
0.540	4686050.600	1817.780
0.520	4685989.800	1815.030
0.500	4685931.700	1814.140
0.480	4685902.300	1816.580
0.460	4685833.500	1815.860
0.440	4685768.000	1817.940
0.420	4686652.400	1816.310
0.400	4687153.300	1816.750
0.380	4687241.100	1816.800
0.360	4687174.200	1815.750
0.340	4687103.800	1816.240
0.320	4687024.700	1815.570
0.300	4686866.000	1817.280
0.280	4686680.700	1815.530
0.260	4686446.200	1815.640
0.240	4686124.100	1817.110
0.220	4685761.200	1815.130
0.200	4685526.200	1816.360
0.180	4685350.500	1815.650
0.160	4685088.600	1814.890
0.140	4685069.600	1814.430
0.120	4685210.900	1814.910
0.100	4685341.900	1815.180
0.080	4684777.300	1815.470
0.060	4683981.900	1817.610
0.040	4683413.600	1814.970
0.020	4683038.700	1816.720
0.000	4683326.600	1815.400
