1.000	4680039.300	1904.880
0.980	4680025.500	1901.660
0.960	4680003.000	1902.670
0.940	4679985.100	1904.390
0.920	4679991.300	1905.200
0.900	4679970.400	1903.920
0.880	4679942.300	1904.410
0.860	4679917.600	1903.300
0.840	4679908.700	1904.940
0.820	4679864.900	1904.560
0.800	4679853.200	1902.530
0.780	4679841.900	1906.060
0.760	4679837.600	1905.640
0.740	4679811.600	1904.180
0.720	4679800.900	1899.920
0.700	4679746.300	1907.930
0.680	4679717.100	1903.270
0.660	4679696.900	1902.850
0.640	4679679.400	1904.060
0.620	4679633.100	1904.030
0.600	4679646.300	1904.960
0.580	4679613.000	1903.860
0.560	4679578.300	1901.910
0.540	4679550.800	1900.760
0.520	4679517.300	1904.970
0.500	4679496.400	1906.500
0.480	4679457.800	1904.110
0.460	4679423.400	1904.680
0.440	4680173.000	1905.450
0.420	4680766.500	1903.900
0.400	4681021.100	1902.570
0.380	4681070.100	1906.080
0.360	4681086.300	1905.160
0.340	4681074.200	1903.340
0.320	4681066.900	1903.510
0.300	4681027.300	1904.090
0.280	4680988.300	1904.100
0.260	4680907.700	1903.770
0.240	4680877.500	1905.080
0.220	4680859.500	1902.560
0.200	4680817.100	1903.550
0.180	4680767.800	1904.470
0.160	4680722.600	1903.150
0.140	4680656.200	1904.650
0.120	4680620.100	1901.770
0.100	4680576.300	1903.550
0.080	4680509.800	1903.090
0.060	4680472.700	1900.970
0.040	4680412.000	1903.610
0.020	4680365.400	1902.570
0.000	4680303.400	1905.190
