Time Stamp (s)	Temperature (K)	Field (Oe)	Resistance Ch1 (Ohms)	Resistance Std. Dev. Ch1 (Ohms)	Phase Angle Ch1 (deg)	Frequency Ch1 (Hz)	Averaging Time Ch1 (s)	AC Current Ch1 (mA)	DC Current Ch1 (mA)	Voltage Ampl Ch1 (V)	In Phase Voltage Ampl Ch1 (V)	Quadrature Voltage Ch1 (V)	Gain Ch1	2nd Harmonic Ch1 (dB)	3rd Harmonic Ch1 (dB)	Resistance Ch2 (Ohms)	Resistance Std. Dev. Ch2 (Ohms)	Phase Angle Ch2 (deg)	Frequency Ch2 (Hz)	Averaging Time Ch2 (s)	AC Current Ch2 (mA)	DC Current Ch2 (mA)	Voltage Ampl Ch2 (V)	In Phase Voltage Ampl Ch2 (V)	Quadrature Voltage Ch2 (V)	Gain Ch2	2nd Harmonic Ch2 (dB)	3rd Harmonic Ch2 (dB)	ETO Status Code	ETO Measurement Mode
																														
3634045553	7.000205994	0.024005188	222.2809	0	2.396977	0.4359754	2.293708	0.0001	0	2.22E-05	2.22E-05	9.30E-07	900	-96.3083	-106.2419														105388928	0
3634045564	6.999900818	0.012002594														100.3767	0	2.101345	0.5086185	1.96611	0.0001	0	1.00E-05	1.00E-05	3.68E-07	900	-92.928	-97.53345	407379328	0
3634045582	6.997727394	1010.978455	227.9353	0	2.411876	0.4359754	2.293708	0.0001	0	2.28E-05	2.28E-05	9.60E-07	900	-92.98168	-102.2326														105388928	0
3634045594	7.000368118	1010.942505														311.57	0	2.053739	0.5086185	1.96611	0.0001	0	3.12E-05	3.12E-05	1.12E-06	900	-93.13927	-105.9477	407379328	0
3634045612	6.998496532	2022.365234	233.1793	0	2.399402	0.4359754	2.293708	0.0001	0	2.33E-05	2.33E-05	9.77E-07	900	-91.63339	-103.4372														105388928	0
3634045624	7.000423431	2022.353149														525.0483	0	2.05322	0.5086185	1.96611	0.0001	0	5.25E-05	5.25E-05	1.88E-06	900	-83.85024	-83.76189	407379328	0
3634045642	6.99758625	3033.463623	235.2983	0	2.396592	0.4359754	2.293708	0.0001	0	2.36E-05	2.35E-05	9.85E-07	900	-90.19167	-97.76248														105388928	0
3634045654	6.999828815	3033.45166														742.423	0	2.040106	0.5086185	1.96611	0.0001	0	7.43E-05	7.42E-05	2.64E-06	900	-77.9312	-81.84719	407379328	0
3634045672	6.998143673	4044.718262	236.2564	0	2.396033	0.4359754	2.293708	0.0001	0	2.36E-05	2.36E-05	9.89E-07	900	-90.08371	-96.66489														105388928	0
3634045684	7.000016689	4044.718262														962.738	0	2.057505	0.5086185	1.96611	0.0001	0	9.63E-05	9.63E-05	3.46E-06	900	-75.7448	-78.95664	407379328	0
3634045702	6.998064995	5056.020996	237.7654	0	2.392273	0.4359754	2.293708	0.0001	0	2.38E-05	2.38E-05	9.93E-07	900	-90.45966	-99.20998														105388928	0
3634045714	7.000473499	5056.008789														1185.833	0	2.055973	0.5086185	1.96611	0.0001	0	0.000118659	0.000118582	4.26E-06	900	-73.47301	-77.15339	407379328	0
3634045732	6.998229504	6067.371582	241.2137	0	2.378768	0.4359754	2.293708	0.0001	0	2.41E-05	2.41E-05	1.00E-06	900	-89.9002	-98.29111														105388928	0
3634045743	7.000647068	6067.359375														1408.295	0	2.048717	0.5086185	1.96611	0.0001	0	0.000140919	0.000140828	5.04E-06	900	-69.30051	-73.183	407379328	0
3634045761	6.997648716	7078.469727	246.6257	0	2.393038	0.4359754	2.293708	0.0001	0	2.47E-05	2.47E-05	1.03E-06	900	-89.95894	-98.29334														105388928	0
3634045772	7.000771999	7078.481934														1633.417	0	2.05378	0.5086185	1.96611	0.0001	0	0.000163446	0.000163341	5.86E-06	900	-67.97145	-71.58018	407379328	0
3634045790	6.997517109	8089.724609	254.271	0	2.378407	0.4359754	2.293708	0.0001	0	2.54E-05	2.54E-05	1.06E-06	900	-90.44797	-95.7943														105388928	0
3634045802	7.000205994	8089.736816														1859.571	0	2.054489	0.5086185	1.96611	0.0001	0	0.000186075	0.000185956	6.67E-06	900	-66.51869	-70.25014	407379328	0
3634045820	6.998203754	9100.847656	265.1595	0	2.386721	0.4359754	2.293708	0.0001	0	2.65E-05	2.65E-05	1.11E-06	900	-89.03815	-101.2497														105388928	0
3634045831	7.000584602	9100.871094														2089.995	0	2.051346	0.5086185	1.96611	0.0001	0	0.000209132	0.000208998	7.49E-06	900	-67.90742	-71.54115	407379328	0
3634045849	6.998371601	10112.11328	282.861	0	2.40247	0.4359754	2.293708	0.0001	0	2.83E-05	2.83E-05	1.19E-06	900	-88.47279	-94.44843														105388928	0
3634045860	7.000550747	10112.14941														2317.399	0	2.052284	0.5086185	1.96611	0.0001	0	0.000231887	0.000231738	8.30E-06	900	-66.86709	-70.57533	407379328	0
3634045878	6.998304367	11123.5127	285.5775	0	2.377397	0.4359754	2.293708	0.0001	0	2.86E-05	2.86E-05	1.19E-06	900	-88.46169	-96.36051														105388928	0
3634045890	7.00037384	11123.5127														2546.359	0	2.052864	0.5086185	1.96611	0.0001	0	0.000254798	0.000254634	9.13E-06	900	-65.93059	-69.56621	407379328	0
3634045909	6.998765945	12134.6709	319.5284	0	2.388291	0.4359754	2.293708	0.0001	0	3.20E-05	3.20E-05	1.33E-06	900	-88.1065	-94.16885														105388928	0
3634045920	7.000584602	12134.6582														2772.308	0	2.052412	0.5086185	1.96611	0.0001	0	0.000277407	0.000277229	9.93E-06	900	-65.24896	-69.0026	407379328	0
3634045938	6.998692036	13145.9375	338.6631	0	2.383632	0.4359754	2.293708	0.0001	0	3.39E-05	3.39E-05	1.41E-06	900	-87.09355	-89.79372														105388928	0
3634045950	7.000380993	13145.94922														3012.992	0	2.053475	0.5086185	1.96611	0.0001	0	0.000301491	0.000301297	1.08E-05	900	-64.32574	-67.91629	407379328	0
3634045968	6.998521805	14157.04785	311.8778	0	2.520183	0.4359754	2.293708	0.0001	0	3.12E-05	3.12E-05	1.37E-06	900	-94.42064	-88.42617														105388928	0
3634045980	7.000266552	14157.04785														3227.064	0	2.052249	0.5086185	1.96611	0.0001	0	0.000322911	0.000322704	1.16E-05	900	-63.667	-67.33292	407379328	0
3634045998	6.998220444	15168.27832	381.6499	0	2.384958	0.4359754	2.293708	0.0001	0	3.82E-05	3.82E-05	1.59E-06	900	-84.56066	-88.04176														105388928	0
3634046010	7.000282764	15168.30273														3442.394	0	2.045918	0.5086185	1.96611	0.0001	0	0.000344457	0.000344237	1.23E-05	900	-60.83102	-64.43033	407379328	0
3634046028	6.998505592	16179.5459	461.467	0	2.388382	0.4359754	2.293708	0.0001	0	4.62E-05	4.61E-05	1.92E-06	900	-86.56467	-88.16939														105388928	0
3634046040	7.000150681	16179.48535														3699.424	0	2.047891	0.5086185	1.96611	0.0001	0	0.000370176	0.00036994	1.32E-05	900	-60.23183	-63.88708	407379328	0
3634046058	6.998442173	17190.78711	456.184	0	2.380861	0.4359754	2.293708	0.0001	0	4.57E-05	4.56E-05	1.90E-06	900	-84.91762	-86.60895														105388928	0
3634046069	7.000259399	17190.79883														3956.727	0	2.052233	0.5086185	1.96611	0.0001	0	0.000395924	0.00039567	1.42E-05	900	-61.88943	-65.32947	407379328	0
3634046087	6.99848175	18202.01758	366.2063	0	2.384912	0.4359754	2.293708	0.0001	0	3.67E-05	3.66E-05	1.53E-06	900	-89.66201	-90.75912														105388928	0
3634046099	7.000457287	18201.95898														4171.381	0	2.053639	0.5086185	1.96611	0.0001	0	0.000417403	0.000417135	1.50E-05	900	-61.40103	-64.8112	407379328	0
3634046117	6.999044895	19213.24805	335.927	0	2.278565	0.4359754	2.293708	0.0001	0	3.36E-05	3.36E-05	1.34E-06	900	-82.5846	-85.33682														105388928	0
3634046129	7.000023365	19213.24805														4340.352	0	2.051665	0.5086185	1.96611	0.0001	0	0.00043431	0.000434032	1.55E-05	900	-61.02987	-64.37072	407379328	0
3634046147	6.999062061	20224.52734	485.2295	0	2.37999	0.4359754	2.293708	0.0001	0	4.86E-05	4.85E-05	2.02E-06	900	-79.07475	-84.66503														105388928	0
3634046159	7.000350952	20224.47852														4542.484	0	2.045298	0.5086185	1.96611	0.0001	0	0.000454535	0.000454245	1.62E-05	900	-58.35958	-61.66095	407379328	0
3634046177	6.998877048	21235.73438	650.2377	0	2.38845	0.4359754	2.293708	0.0001	0	6.51E-05	6.50E-05	2.71E-06	900	-78.52279	-84.25086														105388928	0
3634046189	7.000282764	21235.72266														4818.992	0	2.050109	0.5086185	1.96611	0.0001	0	0.000482204	0.000481896	1.73E-05	900	-60.07767	-63.66926	407379328	0
3634046207	6.998795986	22246.95313	760.228	0	2.385246	0.4359754	2.293708	0.0001	0	7.61E-05	7.60E-05	3.17E-06	900	-80.66986	-87.08168														105388928	0
3634046219	7.00064373	22246.96484														5098.79	0	2.050644	0.5086185	1.96611	0.0001	0	0.000510202	0.000509875	1.83E-05	900	-59.46556	-63.20354	407379328	0
3634046237	6.999339581	23258.32617	815.4482	0	2.3843	0.4359754	2.293708	0.0001	0	8.16E-05	8.15E-05	3.40E-06	900	-80.82716	-84.9356														105388928	0
3634046249	7.000275612	23258.36328														5372.504	0	2.050384	0.5086185	1.96611	0.0001	0	0.000537591	0.000537246	1.92E-05	900	-59.0514	-62.72512	407379328	0
3634046267	6.99932909	24269.47461	817.6707	0	2.387607	0.4359754	2.293708	0.0001	0	8.18E-05	8.18E-05	3.41E-06	900	-82.58407	-85.30923														105388928	0
3634046279	7.000547409	24269.46094														5633.609	0	2.045289	0.5086185	1.96611	0.0001	0	0.000563716	0.000563357	2.01E-05	900	-56.36086	-59.94524	407379328	0
3634046297	6.999250412	25280.87305	755.1403	0	2.386359	0.4359754	2.293708	0.0001	0	7.56E-05	7.55E-05	3.15E-06	900	-81.56768	-86.83219														105388928	0
3634046309	7.000338078	25280.8125														5900.715	0	2.050036	0.5086185	1.96611	0.0001	0	0.000590445	0.000590067	2.11E-05	900	-58.20843	-61.77145	407379328	0
3634046327	6.999283314	26291.93555	607.8496	0	2.386597	0.4359754	2.293708	0.0001	0	6.08E-05	6.08E-05	2.53E-06	900	-76.7929	-88.331														105388928	0
3634046339	7.0005126	26291.95898														6135.037	0	2.049908	0.5086185	1.96611	0.0001	0	0.000613892	0.000613499	2.20E-05	900	-57.80605	-61.43526	407379328	0
3634046357	6.99932909	27303.33398	375.2892	0	2.371998	0.4359754	2.293708	0.0001	0	3.76E-05	3.75E-05	1.55E-06	900	-75.04227	-88.27116														105388928	0
3634046369	7.000220299	27303.31055														6310.843	0	2.051121	0.5086185	1.96611	0.0001	0	0.000631484	0.00063108	2.26E-05	900	-57.58797	-61.11071	407379328	0
3634046387	6.99884367	28314.49219	213.7292	0	2.363935	0.4359754	2.293708	0.0001	0	2.14E-05	2.14E-05	8.82E-07	900	-92.65759	-96.08209														105388928	0
3634046399	7.00033474	28314.53906														6400.869	0	2.050946	0.5086185	1.96611	0.0001	0	0.000640493	0.000640082	2.29E-05	900	-57.42099	-60.98441	407379328	0
3634046417	6.99952364	29325.75781	343.8222	0	2.372883	0.4359754	2.293708	0.0001	0	3.44E-05	3.44E-05	1.42E-06	900	-71.1413	-90.57036														105388928	0
3634046429	7.000205994	29325.76953														6488.711	0	2.048371	0.5086185	1.96611	0.0001	0	0.000649281	0.000648866	2.32E-05	900	-57.57299	-61.23368	407379328	0
3634046447	6.999373436	30337.07227	665.5639	0	2.388854	0.4359754	2.293708	0.0001	0	6.66E-05	6.66E-05	2.78E-06	900	-69.22926	-86.61302														105388928	0
3634046459	7.000308037	30337.03516														6675.004	0	2.04459	0.5086185	1.96611	0.0001	0	0.000667921	0.000667496	2.38E-05	900	-54.71272	-58.28118	407379328	0
3634046477	6.999254227	31348.11133	963.4817	0	2.378899	0.4359754	2.293708	0.0001	0	9.64E-05	9.63E-05	4.00E-06	900	-69.77464	-83.48892														105388928	0
3634046489	7.000489712	31348.09961														6976.374	0	2.048817	0.5086185	1.96611	0.0001	0	0.000698079	0.000697632	2.50E-05	900	-56.72569	-60.31818	407379328	0
3634046507	6.998975277	32359.3418	1189.787	0	2.386246	0.4359754	2.293708	0.0001	0	0.000119081	0.000118977	4.96E-06	900	-70.29252	-81.20341														105388928	0
3634046519	7.000061512	32359.31836														7281.269	0	2.045595	0.5086185	1.96611	0.0001	0	0.000728586	0.000728122	2.60E-05	900	-54.02029	-57.66834	407379328	0
3634046537	6.999264717	33370.66797	1352.741	0	2.387008	0.4359754	2.293708	0.0001	0	0.00013539	0.000135273	5.64E-06	900	-69.9309	-77.69778														105388928	0
3634046549	6.999727249	33370.62109														7597.352	0	2.049916	0.5086185	1.96611	0.0001	0	0.000760216	0.00075973	2.72E-05	900	-55.77486	-59.58284	407379328	0
3634046567	6.99983263	34381.71875	1469.808	0	2.387395	0.4359754	2.293708	0.0001	0	0.000147107	0.000146979	6.13E-06	900	-71.46394	-80.0835														105388928	0
3634046579	7.000210762	34381.88672														7885.511	0	2.048847	0.5086185	1.96611	0.0001	0	0.00078905	0.000788545	2.82E-05	900	-55.52925	-59.27171	407379328	0
3634046597	6.999474049	35392.97266	1550.852	0	2.386362	0.4359754	2.293708	0.0001	0	0.000155218	0.000155083	6.46E-06	900	-71.82317	-78.98483														105388928	0
3634046609	7.000173569	35392.98438														8155.652	0	2.049309	0.5086185	1.96611	0.0001	0	0.000816081	0.000815559	2.92E-05	900	-55.22883	-59.0131	407379328	0
3634046627	6.99908638	36404.27734	1607.135	0	2.384966	0.4359754	2.293708	0.0001	0	0.000160851	0.000160712	6.69E-06	900	-71.94532	-79.10022														105388928	0
3634046639	7.000052452	36404.25391														8404.431	0	2.042611	0.5086185	1.96611	0.0001	0	0.000840971	0.000840437	3.00E-05	900	-52.72757	-56.33422	407379328	0
3634046657	6.999258518	37415.49609	1644.721	0	2.384793	0.4359754	2.293708	0.0001	0	0.000164613	0.00016447	6.85E-06	900	-72.47321	-78.42152														105388928	0
3634046669	7.000296593	37415.53125														8675.86	0	2.048557	0.5086185	1.96611	0.0001	0	0.000868135	0.00086758	3.10E-05	900	-54.67681	-58.38719	407379328	0
3634046687	6.999089718	38426.82031	1660.423	0	2.385544	0.4359754	2.293708	0.0001	0	0.000166184	0.00016604	6.92E-06	900	-71.53932	-75.63716														105388928	0
3634046699	7.00037384	38426.82031														8941.759	0	2.048231	0.5086185	1.96611	0.0001	0	0.000894741	0.000894169	3.20E-05	900	-54.40279	-58.20999	407379328	0
3634046717	6.999474049	39437.88281	1648.55	0	2.385138	0.4359754	2.293708	0.0001	0	0.000164996	0.000164853	6.87E-06	900	-72.29083	-75.81745														105388928	0
3634046729	7.00037384	39438.20703														9210.144	0	2.043181	0.5086185	1.96611	0.0001	0	0.000921594	0.000921008	3.29E-05	900	-51.99216	-55.67242	407379328	0
3634046747	6.999520302	40449.26953	1597.642	0	2.38439	0.4359754	2.293708	0.0001	0	0.000159901	0.000159762	6.65E-06	900	-71.93824	-75.42188														105388928	0
3634046759	7.000268459	40449.29688														9512.224	0	2.042727	0.5086185	1.96611	0.0001	0	0.00095182	0.000951215	3.39E-05	900	-51.60876	-55.40254	407379328	0
3634046777	6.999568939	41460.5625	1503.237	0	2.394598	0.4359754	2.293708	0.0001	0	0.000150453	0.000150322	6.29E-06	900	-71.92913	-74.36356														105388928	0
3634046789	6.999992371	41460.53906														9850.518	0	2.047103	0.5086185	1.96611	0.0001	0	0.000985674	0.000985045	3.52E-05	900	-53.31117	-57.29912	407379328	0
3634046807	6.99939537	42471.67188	1371.573	0	2.389082	0.4359754	2.293708	0.0001	0	0.000137275	0.000137156	5.72E-06	900	-74.74229	-75.13127														105388928	0
3634046819	6.999960899	42471.68359														10195.23	0	2.048592	0.5086185	1.96611	0.0001	0	0.001020168	0.001019516	3.65E-05	900	-53.11285	-57.21092	407379328	0
3634046837	6.999254227	43482.92969	1220.135	0	2.372439	0.4359754	2.293708	0.0001	0	0.000122117	0.000122012	5.06E-06	900	-75.52845	-73.04038														105388928	0
3634046849	7.000147343	43482.91406														10552.06	0	2.046659	0.5086185	1.96611	0.0001	0	0.001055871	0.001055198	3.77E-05	900	-52.95061	-57.21933	407379328	0
3634046867	6.999828815	44494.14453	1079.286	0	2.388806	0.4359754	2.293708	0.0001	0	0.000108021	0.000107927	4.50E-06	900	-70.58152	-72.06192														105388928	0
3634046879	7.000032902	44494.15625														10900.25	0	2.041245	0.5086185	1.96611	0.0001	0	0.001090709	0.001090017	3.88E-05	900	-50.47136	-54.31879	407379328	0
3634046897	6.99928093	45505.47266	964.4567	0	2.368961	0.4359754	2.293708	0.0001	0	9.65E-05	9.64E-05	3.99E-06	900	-66.61275	-70.31387														105388928	0
3634046909	7.000445843	45505.47266														11278	0	2.039972	0.5086185	1.96611	0.0001	0	0.001128507	0.001127791	4.02E-05	900	-50.10365	-53.91934	407379328	0
3634046927	6.999306202	46516.72656	852.9818	0	2.40109	0.4359754	2.293708	0.0001	0	8.54E-05	8.53E-05	3.58E-06	900	-64.87453	-71.45075														105388928	0
3634046939	6.999957561	46516.67969														11663.97	0	2.044738	0.5086185	1.96611	0.0001	0	0.001167132	0.001166389	4.16E-05	900	-52.11412	-56.08577	407379328	0
3634046957	6.998922348	47527.89453	726.1179	0	2.38246	0.4359754	2.293708	0.0001	0	7.27E-05	7.26E-05	3.02E-06	900	-63.06545	-69.45374														105388928	0
3634046969	7.000204086	47527.85938														11992.15	0	2.046924	0.5086185	1.96611	0.0001	0	0.001199972	0.001199206	4.29E-05	900	-51.84489	-55.78433	407379328	0
3634046987	6.999401093	48538.98438	593.6025	0	2.419494	0.4359754	2.293708	0.0001	0	5.94E-05	5.94E-05	2.51E-06	900	-63.00961	-71.47626														105388928	0
3634046999	6.999963284	48539.03125														12266.47	0	2.04524	0.5086185	1.96611	0.0001	0	0.00122742	0.001226638	4.38E-05	900	-51.79052	-55.45223	407379328	0
3634047017	6.999970436	49550.32422	468.8169	0	2.384286	0.4359754	2.293708	0.0001	0	4.69E-05	4.69E-05	1.95E-06	900	-63.04851	-70.68362														105388928	0
3634047029	7.000006199	49550.34766														12478.61	0	2.046643	0.5086185	1.96611	0.0001	0	0.001248648	0.001247851	4.46E-05	900	-51.8244	-55.49711	407379328	0
3634047047	6.999343395	50561.625	373.8549	0	2.411922	0.4359754	2.293708	0.0001	0	3.74E-05	3.74E-05	1.57E-06	900	-63.69278	-73.40234														105388928	0
3634047059	7.000216484	50561.57813														12623.25	0	2.045995	0.5086185	1.96611	0.0001	0	0.001263121	0.001262316	4.51E-05	900	-51.54819	-55.10957	407379328	0
3634047077	6.999308586	51572.90625	298.0915	0	2.319573	0.4359754	2.293708	0.0001	0	2.98E-05	2.98E-05	1.21E-06	900	-65.95473	-80.46072														105388928	0
3634047089	7.00028944	51572.91797														12693.33	0	2.039228	0.5086185	1.96611	0.0001	0	0.001270128	0.001269324	4.52E-05	900	-49.25608	-52.75666	407379328	0
3634047107	6.999752522	52584.07422	228.2005	0	2.346454	0.4359754	2.293708	0.0001	0	2.28E-05	2.28E-05	9.35E-07	900	-73.05827	-81.53622														105388928	0
3634047119	7.000249863	52584.0625														12753.4	0	2.045496	0.5086185	1.96611	0.0001	0	0.001276144	0.001275331	4.55E-05	900	-51.30296	-54.8362	407379328	0
3634047137	6.999645233	53595.26953	148.5276	0	2.346889	0.4359754	2.293708	0.0001	0	1.49E-05	1.49E-05	6.09E-07	900	-86.12328	-91.5724														105388928	0
3634047149	7.000187397	53595.31641														12758.1	0	2.039273	0.5086185	1.96611	0.0001	0	0.001276609	0.001275801	4.54E-05	900	-49.1285	-52.6714	407379328	0
3634047167	6.999641418	54606.60938	72.69068	0	2.323151	0.4359754	2.293708	0.0001	0	7.27E-06	7.27E-06	2.95E-07	900	-75.8966	-103.7727														105388928	0
3634047179	6.999927521	54606.60938														12787.57	0	2.045795	0.5086185	1.96611	0.0001	0	0.001279564	0.001278748	4.57E-05	900	-51.33121	-54.91829	407379328	0
3634047197	6.999234676	55617.77734	21.1431	0	2.260841	0.4359754	2.293708	0.0001	0	2.12E-06	2.11E-06	8.35E-08	900	-81.20538	-107.5406														105388928	0
3634047209	6.999211311	55617.78906														12793.45	0	2.046119	0.5086185	1.96611	0.0001	0	0.001280152	0.001279336	4.57E-05	900	-51.39835	-54.99208	407379328	0
3634047227	6.999819756	56629.03125	5.72467	0	1.838646	0.4359754	2.293708	0.0001	0	5.73E-07	5.72E-07	1.84E-08	900	-103.2454	-111.8765														105388928	0
3634047239	6.999339581	56629.06641														12776.78	0	2.039096	0.5086185	1.96611	0.0001	0	0.001278478	0.001277669	4.55E-05	900	-49.06824	-52.59298	407379328	0
3634047257	6.999431133	57640.33203	9.301638	0	1.736526	0.4359754	2.293708	0.0001	0	9.31E-07	9.30E-07	2.82E-08	900	-85.03473	-110.4416														105388928	0
3634047269	6.999799252	57640.28516														12795.2	0	2.045676	0.5086185	1.96611	0.0001	0	0.001280326	0.00127951	4.57E-05	900	-51.28832	-54.81918	407379328	0
3634047287	6.999106407	58651.39453	47.65857	0	2.334489	0.4359754	2.293708	0.0001	0	4.77E-06	4.77E-06	1.94E-07	900	-71.46461	-95.85577														105388928	0
3634047299	7.000305653	58651.42969														12799.06	0	2.04619	0.5086185	1.96611	0.0001	0	0.001280713	0.001279896	4.57E-05	900	-51.29704	-54.83052	407379328	0
3634047316	6.999539852	59662.74609	192.1201	0	2.365784	0.4359754	2.293708	0.0001	0	1.92E-05	1.92E-05	7.94E-07	900	-62.01889	-87.33826														105388928	0
3634047328	7.000166893	59662.68359														12816.55	0	2.045899	0.5086185	1.96611	0.0001	0	0.001282463	0.001281646	4.58E-05	900	-51.26807	-54.80087	407379328	0
3634047345	6.999138355	60674.02734	516.4276	0	2.361854	0.4359754	2.293708	0.0001	0	5.17E-05	5.16E-05	2.13E-06	900	-56.43103	-80.15077														105388928	0
3634047357	7.000236034	60674.04688														12873.36	0	2.045204	0.5086185	1.96611	0.0001	0	0.001288147	0.001287326	4.60E-05	900	-51.18852	-54.72383	407379328	0
3634047374	6.999585152	61685.45703	1017.415	0	2.383338	0.4359754	2.293708	0.0001	0	0.000101828	0.00010174	4.23E-06	900	-53.52324	-79.3157														105388928	0
3634047386	7.000239849	61685.48047														13008.63	0	2.044911	0.5086185	1.96611	0.0001	0	0.001301682	0.001300853	4.64E-05	900	-50.97112	-54.65778	407379328	0
3634047403	6.999135971	62696.68359	1605.162	0	2.384387	0.4359754	2.293708	0.0001	0	0.000160653	0.000160514	6.68E-06	900	-52.26374	-76.949														105388928	0
3634047415	7.000061512	62696.65625														13253.34	0	2.044858	0.5086185	1.96611	0.0001	0	0.001326169	0.001325324	4.73E-05	900	-50.49744	-54.49871	407379328	0
3634047432	6.999333858	63708.11719	2182.229	0	2.383276	0.4359754	2.293708	0.0001	0	0.000218409	0.00021822	9.08E-06	900	-52.11655	-72.26791														105388928	0
3634047444	7.00028944	63708.10547														13604.6	0	2.044127	0.5086185	1.96611	0.0001	0	0.001361316	0.00136045	4.86E-05	900	-49.94748	-54.44586	407379328	0
3634047461	6.999116421	64719.29688	2695.913	0	2.386938	0.4359754	2.293708	0.0001	0	0.000269822	0.000269588	1.12E-05	900	-52.66595	-73.23623														105388928	0
3634047473	6.999921322	64719.28516														14022.41	0	2.04435	0.5086185	1.96611	0.0001	0	0.001403123	0.00140223	5.01E-05	900	-49.3978	-54.15882	407379328	0
3634047490	6.999125481	65730.53906	3118.461	0	2.38504	0.4359754	2.293708	0.0001	0	0.000312113	0.000311843	1.30E-05	900	-53.48538	-72.06336														105388928	0
3634047502	6.999865055	65730.58594														14463.1	0	2.043245	0.5086185	1.96611	0.0001	0	0.001447219	0.001446299	5.16E-05	900	-48.93162	-53.86867	407379328	0
3634047520	6.999359608	66741.84375	3451.381	0	2.383917	0.4359754	2.293708	0.0001	0	0.000345433	0.000345134	1.44E-05	900	-54.26671	-68.89242														105388928	0
3634047532	7.000445843	66741.86719														14898.84	0	2.042744	0.5086185	1.96611	0.0001	0	0.00149082	0.001489873	5.31E-05	900	-48.60407	-53.62972	407379328	0
3634047550	6.999539852	67752.82813	3717.587	0	2.385564	0.4359754	2.293708	0.0001	0	0.000372077	0.000371754	1.55E-05	900	-55.36945	-70.9394														105388928	0
3634047562	7.000291824	67752.85938														15313.34	0	2.04229	0.5086185	1.96611	0.0001	0	0.001532296	0.001531322	5.46E-05	900	-48.28284	-53.21735	407379328	0
3634047580	6.999125481	68764.32813	3918.968	0	2.383963	0.4359754	2.293708	0.0001	0	0.000392232	0.000391892	1.63E-05	900	-55.95661	-67.78022														105388928	0
3634047591	7.000200272	68764.3125														15703.42	0	2.040544	0.5086185	1.96611	0.0001	0	0.001571327	0.00157033	5.59E-05	900	-48.06691	-52.91872	407379328	0
3634047609	6.99960804	69775.5	4078.833	0	2.384006	0.4359754	2.293708	0.0001	0	0.000408232	0.000407879	1.70E-05	900	-56.50788	-67.51222														105388928	0
3634047621	6.999680996	69775.50781														16069.96	0	2.041068	0.5086185	1.96611	0.0001	0	0.001608004	0.001606984	5.73E-05	900	-48.1403	-53.03245	407379328	0
3634047640	6.999768734	70786.57031	4208.797	0	2.38634	0.4359754	2.293708	0.0001	0	0.00042124	0.000420875	1.75E-05	900	-57.40949	-69.99397														105388928	0
3634047651	7.000226974	70786.54688														16404.75	0	2.041421	0.5086185	1.96611	0.0001	0	0.001641505	0.001640463	5.85E-05	900	-47.98652	-52.84356	407379328	0
3634047669	6.999611855	71797.96875	4310.127	0	2.385401	0.4359754	2.293708	0.0001	0	0.000431382	0.000431008	1.80E-05	900	-57.74808	-69.57919														105388928	0
3634047681	7	71797.96875														16716.13	0	2.039952	0.5086185	1.96611	0.0001	0	0.001672661	0.001671601	5.95E-05	900	-47.8353	-52.59007	407379328	0
3634047699	7.000254631	72809.20313	4389.568	0	2.383666	0.4359754	2.293708	0.0001	0	0.000439332	0.000438952	1.83E-05	900	-57.51904	-66.8923														105388928	0
3634047711	7.000505924	72809.25														17012.58	0	2.040088	0.5086185	1.96611	0.0001	0	0.001702324	0.001701245	6.06E-05	900	-47.80306	-52.53996	407379328	0
3634047730	7.000223637	73820.38281	4464.05	0	2.387008	0.4359754	2.293708	0.0001	0	0.000446788	0.0004464	1.86E-05	900	-58.15567	-69.32555														105388928	0
3634047741	6.999513149	73820.32813														17273.71	0	2.03197	0.5086185	1.96611	0.0001	0	0.001728445	0.001727359	6.13E-05	900	-45.84852	-50.10767	407379328	0
3634047759	6.999368668	74831.60156	4521.75	0	2.383878	0.4359754	2.293708	0.0001	0	0.000452561	0.00045217	1.88E-05	900	-57.69146	-66.67543														105388928	0
3634047771	7.000052452	74831.59375														17575.5	0	2.039116	0.5086185	1.96611	0.0001	0	0.001758651	0.001757537	6.26E-05	900	-47.5461	-52.22361	407379328	0
3634047789	6.999412537	75842.92188	4581.287	0	2.385168	0.4359754	2.293708	0.0001	0	0.000458521	0.000458123	1.91E-05	900	-58.23326	-69.15942														105388928	0
3634047801	6.999943733	75842.95313														17846.47	0	2.038959	0.5086185	1.96611	0.0001	0	0.001785764	0.001784634	6.35E-05	900	-47.42947	-52.1252	407379328	0
3634047819	6.99983263	76854.10938	4631.994	0	2.385904	0.4359754	2.293708	0.0001	0	0.000463596	0.000463194	1.93E-05	900	-58.20545	-69.10387														105388928	0
3634047831	7.000398159	76854.125														18114.27	0	2.038956	0.5086185	1.96611	0.0001	0	0.001812561	0.001811414	6.45E-05	900	-47.35157	-52.10413	407379328	0
3634047849	6.999941349	77865.32813	4679.51	0	2.385367	0.4359754	2.293708	0.0001	0	0.000468351	0.000467946	1.95E-05	900	-58.08281	-68.96289														105388928	0
3634047861	7.000029087	77865.30469														18376.36	0	2.038843	0.5086185	1.96611	0.0001	0	0.001838786	0.001837622	6.54E-05	900	-47.17726	-51.87035	407379328	0
3634047879	6.999775887	78876.71875	4724.487	0	2.385845	0.4359754	2.293708	0.0001	0	0.000472853	0.000472443	1.97E-05	900	-58.06288	-68.89669														105388928	0
3634047891	7.000275612	78876.53906														18636.14	0	2.038744	0.5086185	1.96611	0.0001	0	0.00186478	0.0018636	6.63E-05	900	-47.06567	-51.76819	407379328	0
3634047909	6.999780655	79887.8125	4767.412	0	2.385042	0.4359754	2.293708	0.0001	0	0.000477149	0.000476736	1.99E-05	900	-57.9388	-68.81259														105388928	0
3634047921	7.000236034	79887.83594														18866.9	0	2.030455	0.5086185	1.96611	0.0001	0	0.001887861	0.001886676	6.69E-05	900	-45.10052	-49.38708	407379328	0
3634047939	6.998817921	80899.00781	4804.263	0	2.382942	0.4359754	2.293708	0.0001	0	0.000480837	0.000480421	2.00E-05	900	-57.29974	-66.09264														105388928	0
3634047951	7.000098705	80898.99219														19145.59	0	2.03712	0.5086185	1.96611	0.0001	0	0.001915755	0.001914545	6.81E-05	900	-46.55487	-51.26222	407379328	0
3634047969	6.999116421	81910.29688	4848.113	0	2.384935	0.4359754	2.293708	0.0001	0	0.000485226	0.000484806	2.02E-05	900	-57.70914	-68.5976														105388928	0
3634047981	6.999904156	81910.21875														19402.65	0	2.03694	0.5086185	1.96611	0.0001	0	0.001941478	0.001940251	6.90E-05	900	-46.5795	-51.3974	407379328	0
3634047999	6.999380112	82921.57813	4885.916	0	2.385164	0.4359754	2.293708	0.0001	0	0.00048901	0.000488586	2.04E-05	900	-57.62523	-68.53673														105388928	0
3634048011	7.000032902	82921.57031														19653.12	0	2.036308	0.5086185	1.96611	0.0001	0	0.00196654	0.001965298	6.99E-05	900	-46.29356	-51.04244	407379328	0
3634048029	6.999838352	83932.78906	4922.438	0	2.385797	0.4359754	2.293708	0.0001	0	0.000492665	0.000492238	2.05E-05	900	-57.58757	-68.40447														105388928	0
3634048041	6.999937534	83932.77344														19907.74	0	2.036743	0.5086185	1.96611	0.0001	0	0.001992018	0.001990759	7.08E-05	900	-46.32837	-51.054	407379328	0
3634048059	6.99985218	84944.03906	4953.05	0	2.382507	0.4359754	2.293708	0.0001	0	0.000495728	0.000495299	2.06E-05	900	-56.92135	-65.81903														105388928	0
3634048071	7.000102043	84944.0625														20152.56	0	2.035101	0.5086185	1.96611	0.0001	0	0.002016513	0.002015241	7.16E-05	900	-45.6929	-50.39667	407379328	0
3634048089	6.999775887	85955.17188	4990.872	0	2.38572	0.4359754	2.293708	0.0001	0	0.000499514	0.000499081	2.08E-05	900	-57.42754	-68.39103														105388928	0
3634048101	7.000170231	85955.19531														20411.97	0	2.036496	0.5086185	1.96611	0.0001	0	0.002042472	0.002041182	7.26E-05	900	-46.05241	-50.90961	407379328	0
3634048119	6.999474049	86966.54688	5018.196	0	2.38183	0.4359754	2.293708	0.0001	0	0.000502248	0.000501814	2.09E-05	900	-56.78844	-65.79926														105388928	0
3634048131	7.00011158	86966.57031														20663.7	0	2.036546	0.5086185	1.96611	0.0001	0	0.002067661	0.002066355	7.35E-05	900	-45.90808	-50.77427	407379328	0
3634048149	6.999871731	87977.67969	5052.532	0	2.384196	0.4359754	2.293708	0.0001	0	0.000505685	0.000505247	2.10E-05	900	-57.29395	-68.32651														105388928	0
3634048161	7.000220299	87977.67188														20886.11	0	2.026757	0.5086185	1.96611	0.0001	0	0.002089903	0.002088596	7.39E-05	900	-43.99683	-48.36428	407379328	0
3634048179	6.999297142	88988.9375	5079.896	0	2.384659	0.4359754	2.293708	0.0001	0	0.000508424	0.000507984	2.12E-05	900	-57.28729	-68.3233														105388928	0
3634048191	7.000216484	88988.97656														21167.18	0	2.035671	0.5086185	1.96611	0.0001	0	0.002118039	0.002116702	7.52E-05	900	-45.65448	-50.56747	407379328	0
3634048209	6.999595642	90000.14063	5100.271	0	2.382448	0.4359754	2.293708	0.0001	0	0.000510462	0.000510021	2.12E-05	900	-56.79251	-65.75756														105388928	0
3634048221	7.000561237	90000.17969														21419.13	0	2.034716	0.5086185	1.96611	0.0001	0	0.002143249	0.002141898	7.61E-05	900	-45.51571	-50.4712	407379328	0
