Time Stamp (s)	Temperature (K)	Field (Oe)	Resistance Ch1 (Ohms)	Resistance Std. Dev. Ch1 (Ohms)	Phase Angle Ch1 (deg)	Frequency Ch1 (Hz)	Averaging Time Ch1 (s)	AC Current Ch1 (mA)	DC Current Ch1 (mA)	Voltage Ampl Ch1 (V)	In Phase Voltage Ampl Ch1 (V)	Quadrature Voltage Ch1 (V)	Gain Ch1	2nd Harmonic Ch1 (dB)	3rd Harmonic Ch1 (dB)	Resistance Ch2 (Ohms)	Resistance Std. Dev. Ch2 (Ohms)	Phase Angle Ch2 (deg)	Frequency Ch2 (Hz)	Averaging Time Ch2 (s)	AC Current Ch2 (mA)	DC Current Ch2 (mA)	Voltage Ampl Ch2 (V)	In Phase Voltage Ampl Ch2 (V)	Quadrature Voltage Ch2 (V)	Gain Ch2	2nd Harmonic Ch2 (dB)	3rd Harmonic Ch2 (dB)	ETO Status Code	ETO Measurement Mode
																														
3634039704	1.80018425	0.048010375	217.7062	0	2.396362	0.4359754	2.293708	0.0001	0	2.18E-05	2.18E-05	9.11E-07	900	-92.64067	-102.193														105388928	0
3634039715	1.800159097	0.036007781														100.9964	0	2.039316	0.5086185	1.96611	0.0001	0	1.01E-05	1.01E-05	3.60E-07	900	-95.21796	-100.6299	407379328	0
3634039733	1.800304413	1010.954529	221.344	0	2.407229	0.4359754	2.293708	0.0001	0	2.22E-05	2.21E-05	9.30E-07	900	-89.50525	-94.17068														105388928	0
3634039745	1.800021529	1011.002502														312.108	0	2.043126	0.5086185	1.96611	0.0001	0	3.12E-05	3.12E-05	1.11E-06	900	-91.60948	-103.1369	407379328	0
3634039762	1.799933791	2022.365234	225.2576	0	2.374686	0.4359754	2.293708	0.0001	0	2.25E-05	2.25E-05	9.34E-07	900	-93.48408	-99.57655														105388928	0
3634039773	1.799991965	2022.353149														524.8644	0	2.05319	0.5086185	1.96611	0.0001	0	5.25E-05	5.25E-05	1.88E-06	900	-80.22339	-80.77797	407379328	0
3634039791	1.799841762	3033.58374	224.9954	0	2.39978	0.4359754	2.293708	0.0001	0	2.25E-05	2.25E-05	9.43E-07	900	-90.46365	-99.05839														105388928	0
3634039802	1.799980044	3033.58374														741.3154	0	2.05772	0.5086185	1.96611	0.0001	0	7.42E-05	7.41E-05	2.66E-06	900	-79.3888	-82.60208	407379328	0
3634039820	1.799628258	4044.826172	214.3372	0	2.391243	0.4359754	2.293708	0.0001	0	2.15E-05	2.14E-05	8.95E-07	900	-89.70009	-95.43011														105388928	0
3634039831	1.799817443	4044.826172														957.5951	0	2.056493	0.5086185	1.96611	0.0001	0	9.58E-05	9.58E-05	3.44E-06	900	-75.48225	-79.27084	407379328	0
3634039849	1.799809456	5055.937012	198.6114	0	2.400565	0.4359754	2.293708	0.0001	0	1.99E-05	1.99E-05	8.33E-07	900	-93.56469	-107.1721														105388928	0
3634039860	1.800055504	5055.937012														1179.559	0	2.048758	0.5086185	1.96611	0.0001	0	0.000118031	0.000117955	4.22E-06	900	-73.57587	-77.49197	407379328	0
3634039878	1.799646378	6067.155273	215.8057	0	2.387584	0.4359754	2.293708	0.0001	0	2.16E-05	2.16E-05	9.00E-07	900	-94.51926	-99.8474														105388928	0
3634039889	1.80016315	6067.119141														1410.855	0	2.053412	0.5086185	1.96611	0.0001	0	0.000141175	0.000141084	5.06E-06	900	-72.01646	-75.18095	407379328	0
3634039907	1.799699664	7078.433594	131.6971	0	2.376287	0.4359754	2.293708	0.0001	0	1.32E-05	1.32E-05	5.47E-07	900	-90.29607	-102.528														105388928	0
3634039918	1.799700499	7078.421387														1616.511	0	2.053706	0.5086185	1.96611	0.0001	0	0.000161754	0.00016165	5.80E-06	900	-70.43974	-74.42265	407379328	0
3634039936	1.799443722	8089.67627	102.4049	0	2.374928	0.4359754	2.293708	0.0001	0	1.02E-05	1.02E-05	4.25E-07	900	-92.28329	-108.7285														105388928	0
3634039947	1.799961209	8089.580566														1839.368	0	2.052687	0.5086185	1.96611	0.0001	0	0.000184054	0.000183935	6.59E-06	900	-68.8605	-72.90346	407379328	0
3634039965	1.799314976	9100.907227	191.2217	0	2.390421	0.4359754	2.293708	0.0001	0	1.91E-05	1.91E-05	7.98E-07	900	-86.73032	-96.32308														105388928	0
3634039976	1.800108075	9100.847656														2116.825	0	2.051867	0.5086185	1.96611	0.0001	0	0.000211817	0.000211681	7.58E-06	900	-67.89058	-71.35368	407379328	0
3634039994	1.799384117	10112.14941	387.2104	0	2.395692	0.4359754	2.293708	0.0001	0	3.88E-05	3.87E-05	1.62E-06	900	-85.29446	-89.67385														105388928	0
3634040005	1.80001545	10112.17383														2311.881	0	2.050158	0.5086185	1.96611	0.0001	0	0.000231335	0.000231186	8.28E-06	900	-66.94676	-70.5399	407379328	0
3634040023	1.799322009	11123.34375	72.55476	0	2.393814	0.4359754	2.293708	0.0001	0	7.26E-06	7.26E-06	3.03E-07	900	-88.77415	-102.4563														105388928	0
3634040034	1.799994946	11123.38086														2558.079	0	2.052032	0.5086185	1.96611	0.0001	0	0.00025597	0.000255806	9.17E-06	900	-65.83301	-69.38695	407379328	0
3634040052	1.799303889	12134.6709	435.8489	0	2.39058	0.4359754	2.293708	0.0001	0	4.36E-05	4.36E-05	1.82E-06	900	-81.96992	-89.13673														105388928	0
3634040063	1.800028801	12134.6582														2736.982	0	2.047702	0.5086185	1.96611	0.0001	0	0.000273871	0.000273696	9.79E-06	900	-63.03728	-66.7	407379328	0
3634040081	1.799234867	13145.79297	409.2584	0	2.400645	0.4359754	2.293708	0.0001	0	4.10E-05	4.09E-05	1.72E-06	900	-80.86059	-86.6797														105388928	0
3634040092	1.800013781	13145.74609														3111.483	0	2.050659	0.5086185	1.96611	0.0001	0	0.000311345	0.000311146	1.11E-05	900	-64.26261	-67.92002	407379328	0
3634040110	1.79933238	14157.01172	17.0589	0	2.405225	0.4359754	2.293708	0.0001	0	1.71E-06	1.71E-06	7.17E-08	900	-92.87789	-108.1966														105388928	0
3634040121	1.800071955	14157														3196.072	0	2.047724	0.5086185	1.96611	0.0001	0	0.000319809	0.000319605	1.14E-05	900	-61.57785	-65.14581	407379328	0
3634040139	1.799133778	15168.24219	481.296	0	2.386872	0.4359754	2.293708	0.0001	0	4.82E-05	4.81E-05	2.01E-06	900	-76.97163	-87.21778														105388928	0
3634040150	1.800001264	15168.24219														3362.915	0	2.048056	0.5086185	1.96611	0.0001	0	0.000336504	0.000336289	1.20E-05	900	-63.39606	-66.90083	407379328	0
3634040168	1.799031734	16179.58008	710.4535	0	2.376232	0.4359754	2.293708	0.0001	0	7.11E-05	7.10E-05	2.95E-06	900	-80.75402	-82.88914														105388928	0
3634040179	1.800075054	16179.57031														3790.196	0	2.050318	0.5086185	1.96611	0.0001	0	0.00037926	0.000379017	1.36E-05	900	-62.35712	-65.86204	407379328	0
3634040197	1.799151778	17190.71484	514.8011	0	2.375628	0.4359754	2.293708	0.0001	0	5.15E-05	5.15E-05	2.14E-06	900	-76.3815	-83.67573														105388928	0
3634040208	1.800122261	17190.72656														4118.917	0	2.049361	0.5086185	1.96611	0.0001	0	0.000412152	0.000411889	1.47E-05	900	-61.79745	-65.22586	407379328	0
3634040226	1.798972011	18202.06641	70.47992	0	2.39858	0.4359754	2.293708	0.0001	0	7.05E-06	7.05E-06	2.95E-07	900	-81.38528	-99.51337														105388928	0
3634040237	1.799961925	18202.0293														4259.61	0	2.052212	0.5086185	1.96611	0.0001	0	0.000426231	0.000425958	1.53E-05	900	-61.19849	-64.62031	407379328	0
3634040255	1.799106121	19213.30859	10.05812	0	2.310517	0.4359754	2.293708	0.0001	0	1.01E-06	1.01E-06	4.06E-08	900	-85.92851	-115.564														105388928	0
3634040266	1.799914956	19213.3457														4260.273	0	2.044812	0.5086185	1.96611	0.0001	0	0.000426296	0.000426024	1.52E-05	900	-58.71646	-62.26382	407379328	0
3634040284	1.79912889	20224.39648	493.1948	0	2.390232	0.4359754	2.293708	0.0001	0	4.94E-05	4.93E-05	2.06E-06	900	-69.65421	-84.38454														105388928	0
3634040295	1.800042868	20224.5625														4375.93	0	2.049452	0.5086185	1.96611	0.0001	0	0.00043787	0.00043759	1.57E-05	900	-60.99702	-64.46259	407379328	0
3634040313	1.799136043	21235.83008	989.8257	0	2.387382	0.4359754	2.293708	0.0001	0	9.91E-05	9.90E-05	4.13E-06	900	-75.77812	-84.36492														105388928	0
3634040324	1.799981713	21235.72266														4806.471	0	2.044511	0.5086185	1.96611	0.0001	0	0.00048095	0.000480644	1.72E-05	900	-57.78108	-61.45703	407379328	0
3634040342	1.799223185	22247	1018.348	0	2.381814	0.4359754	2.293708	0.0001	0	0.000101922	0.000101834	4.24E-06	900	-75.93672	-79.06916														105388928	0
3634040353	1.799925923	22247.01172														5197.172	0	2.049416	0.5086185	1.96611	0.0001	0	0.000520046	0.000519713	1.86E-05	900	-59.71916	-63.31558	407379328	0
3634040371	1.799252868	23258.38672	912.3069	0	2.380232	0.4359754	2.293708	0.0001	0	9.13E-05	9.12E-05	3.79E-06	900	-74.72963	-77.39574														105388928	0
3634040382	1.79998076	23258.375														5535.734	0	2.047569	0.5086185	1.96611	0.0001	0	0.000553923	0.000553569	1.98E-05	900	-59.18674	-62.88907	407379328	0
3634040400	1.799259305	24269.46094	740.4171	0	2.422008	0.4359754	2.293708	0.0001	0	7.41E-05	7.40E-05	3.13E-06	900	-72.59241	-79.78273														105388928	0
3634040411	1.800071239	24269.50977														5934.144	0	2.048615	0.5086185	1.96611	0.0001	0	0.00059379	0.00059341	2.12E-05	900	-58.81762	-62.39902	407379328	0
3634040429	1.799249768	25280.66797	446.4272	0	2.37886	0.4359754	2.293708	0.0001	0	4.47E-05	4.46E-05	1.85E-06	900	-73.12264	-78.27929														105388928	0
3634040440	1.800035	25280.7168														6264.334	0	2.047538	0.5086185	1.96611	0.0001	0	0.000626829	0.000626429	2.24E-05	900	-58.06723	-61.60271	407379328	0
3634040458	1.799212933	26292.12891	148.997	0	2.369081	0.4359754	2.293708	0.0001	0	1.49E-05	1.49E-05	6.16E-07	900	-82.07892	-86.27419														105388928	0
3634040469	1.799899936	26292.11523														6377.964	0	2.047826	0.5086185	1.96611	0.0001	0	0.000638199	0.000637792	2.28E-05	900	-57.64906	-61.1428	407379328	0
3634040487	1.799289107	27303.14063	9.657598	0	1.703122	0.4359754	2.293708	0.0001	0	9.66E-07	9.66E-07	2.87E-08	900	-99.2086	-104.1636														105388928	0
3634040498	1.800082922	27303.18945														6396.362	0	2.049566	0.5086185	1.96611	0.0001	0	0.000640041	0.000639632	2.29E-05	900	-57.52571	-61.19811	407379328	0
3634040516	1.799280524	28314.45508	0.1795838	0	8.563237	0.4359754	2.293708	0.0001	0	1.82E-08	1.80E-08	2.70E-09	900	-94.59579	-106.486														105388928	0
3634040527	1.799850464	28314.4668														6386.213	0	2.043229	0.5086185	1.96611	0.0001	0	0.000639023	0.000638617	2.28E-05	900	-54.68172	-58.12935	407379328	0
3634040545	1.799299479	29325.61523	5.920219	0	2.246183	0.4359754	2.293708	0.0001	0	5.92E-07	5.92E-07	2.32E-08	900	-85.89024	-105.1497														105388928	0
3634040556	1.799967408	29325.58008														6387.85	0	2.044311	0.5086185	1.96611	0.0001	0	0.000639187	0.00063878	2.28E-05	900	-54.98115	-58.45333	407379328	0
3634040574	1.799359083	30336.86914	257.2127	0	2.382274	0.4359754	2.293708	0.0001	0	2.57E-05	2.57E-05	1.07E-06	900	-65.6753	-93.32505														105388928	0
3634040585	1.800044537	30336.86914														6423.47	0	2.047784	0.5086185	1.96611	0.0001	0	0.000642753	0.000642342	2.30E-05	900	-57.383	-61.00803	407379328	0
3634040603	1.799359083	31348.09961	1047.205	0	2.390673	0.4359754	2.293708	0.0001	0	0.000104811	0.000104719	4.37E-06	900	-60.5583	-79.50191														105388928	0
3634040614	1.800019383	31348.08789														6654.995	0	2.047659	0.5086185	1.96611	0.0001	0	0.00066592	0.000665495	2.38E-05	900	-56.98388	-60.80361	407379328	0
3634040632	1.799414754	32359.47461	1801.156	0	2.387017	0.4359754	2.293708	0.0001	0	0.00018027	0.000180113	7.51E-06	900	-62.30324	-78.33344														105388928	0
3634040643	1.800024033	32359.47461														7234.606	0	2.048317	0.5086185	1.96611	0.0001	0	0.000723918	0.000723455	2.59E-05	900	-55.5673	-59.84825	407379328	0
3634040661	1.79945159	33370.64453	2062.872	0	2.388535	0.4359754	2.293708	0.0001	0	0.000206464	0.000206285	8.60E-06	900	-71.6992	-77.0294														105388928	0
3634040672	1.799958825	33370.63281														7875.822	0	2.046999	0.5086185	1.96611	0.0001	0	0.000788079	0.000787576	2.81E-05	900	-54.97498	-59.26373	407379328	0
3634040690	1.799325943	34381.85156	1849.433	0	2.38489	0.4359754	2.293708	0.0001	0	0.000185102	0.000184941	7.70E-06	900	-66.75533	-77.27701														105388928	0
3634040701	1.800022483	34381.83984														8312.821	0	2.04602	0.5086185	1.96611	0.0001	0	0.000831806	0.000831276	2.97E-05	900	-55.04819	-58.84999	407379328	0
3634040719	1.799579501	35392.96094	1440.302	0	2.382828	0.4359754	2.293708	0.0001	0	0.000144153	0.000144029	5.99E-06	900	-65.70466	-78.5906														105388928	0
3634040730	1.8000319	35393.01172														8521.275	0	2.046589	0.5086185	1.96611	0.0001	0	0.000852665	0.000852121	3.05E-05	900	-54.94783	-58.58388	407379328	0
3634040748	1.799537897	36404.23828	1099.036	0	2.383097	0.4359754	2.293708	0.0001	0	0.000109998	0.000109902	4.57E-06	900	-70.72889	-80.75149														105388928	0
3634040759	1.80009377	36404.25391														8601.722	0	2.046311	0.5086185	1.96611	0.0001	0	0.000860715	0.000860166	3.07E-05	900	-55.14884	-58.62454	407379328	0
3634040777	1.799432039	37415.45703	901.6495	0	2.400375	0.4359754	2.293708	0.0001	0	9.02E-05	9.02E-05	3.78E-06	900	-71.31779	-79.61875														105388928	0
3634040788	1.80001545	37415.45703														8637.933	0	2.040866	0.5086185	1.96611	0.0001	0	0.000864335	0.000863787	3.08E-05	900	-52.43112	-55.91283	407379328	0
3634040806	1.799562335	38426.92969	829.5946	0	2.384023	0.4359754	2.293708	0.0001	0	8.30E-05	8.30E-05	3.45E-06	900	-74.16733	-79.39727														105388928	0
3634040817	1.800079942	38426.91797														8727.968	0	2.046117	0.5086185	1.96611	0.0001	0	0.000873347	0.00087279	3.12E-05	900	-54.9939	-58.55387	407379328	0
3634040835	1.799266219	39438.00391	852.8709	0	2.37893	0.4359754	2.293708	0.0001	0	8.54E-05	8.53E-05	3.54E-06	900	-76.03036	-79.94839														105388928	0
3634040846	1.800020099	39438.03125														8867.983	0	2.045102	0.5086185	1.96611	0.0001	0	0.000887357	0.000886792	3.17E-05	900	-54.8181	-58.40686	407379328	0
3634040864	1.799519897	40449.32031	928.9573	0	2.366611	0.4359754	2.293708	0.0001	0	9.30E-05	9.29E-05	3.84E-06	900	-70.07291	-80.8495														105388928	0
3634040875	1.800076604	40449.35547														9138.99	0	2.041956	0.5086185	1.96611	0.0001	0	0.000914473	0.000913892	3.26E-05	900	-52.25592	-56.16808	407379328	0
3634040893	1.799589038	41460.5	1008.861	0	2.364742	0.4359754	2.293708	0.0001	0	0.000100971	0.000100885	4.17E-06	900	-60.65469	-76.55769														105388928	0
3634040904	1.799970627	41460.5														9621.453	0	2.045516	0.5086185	1.96611	0.0001	0	0.000962752	0.000962138	3.44E-05	900	-53.9315	-58.30011	407379328	0
3634040922	1.799633622	42471.66016	996.9476	0	2.372581	0.4359754	2.293708	0.0001	0	9.98E-05	9.97E-05	4.13E-06	900	-60.69444	-72.65206														105388928	0
3634040933	1.800013781	42471.66016														10314.1	0	2.041926	0.5086185	1.96611	0.0001	0	0.001032058	0.001031402	3.68E-05	900	-51.11121	-55.69424	407379328	0
3634040951	1.799559116	43483.03516	897.3347	0	2.413293	0.4359754	2.293708	0.0001	0	8.98E-05	8.97E-05	3.78E-06	900	-55.0066	-73.85143														105388928	0
3634040962	1.800042868	43483.00781														11071.53	0	2.04503	0.5086185	1.96611	0.0001	0	0.001107851	0.001107145	3.95E-05	900	-52.63941	-57.40874	407379328	0
3634040980	1.799569249	44494.13281	684.1825	0	2.39958	0.4359754	2.293708	0.0001	0	6.85E-05	6.84E-05	2.87E-06	900	-55.99773	-71.24999														105388928	0
3634040991	1.800084591	44494.12109														11679.87	0	2.044246	0.5086185	1.96611	0.0001	0	0.001168722	0.001167979	4.17E-05	900	-52.37486	-56.25512	407379328	0
3634041009	1.799615622	45505.42578	449.0073	0	2.416064	0.4359754	2.293708	0.0001	0	4.49E-05	4.49E-05	1.89E-06	900	-56.26983	-70.38124														105388928	0
3634041020	1.800100088	45505.46094														12128.62	0	2.044351	0.5086185	1.96611	0.0001	0	0.001213626	0.001212853	4.33E-05	900	-51.97655	-56.17969	407379328	0
3634041038	1.799615622	46516.67969	272.4455	0	2.434642	0.4359754	2.293708	0.0001	0	2.73E-05	2.72E-05	1.16E-06	900	-58.23532	-75.86218														105388928	0
3634041049	1.799905419	46516.69141														12388.77	0	2.043864	0.5086185	1.96611	0.0001	0	0.001239657	0.001238868	4.42E-05	900	-51.91518	-55.52158	407379328	0
3634041067	1.799548149	47528.00391	135.1331	0	2.505139	0.4359754	2.293708	0.0001	0	1.35E-05	1.35E-05	5.91E-07	900	-58.9761	-77.29153														105388928	0
3634041078	1.800004363	47527.96875														12604.16	0	2.043177	0.5086185	1.96611	0.0001	0	0.001261208	0.001260407	4.50E-05	900	-51.57696	-55.16996	407379328	0
3634041096	1.799617171	48539.17578	73.88733	0	2.274478	0.4359754	2.293708	0.0001	0	7.39E-06	7.39E-06	2.93E-07	900	-65.68721	-97.28279														105388928	0
3634041107	1.799975276	48539.14063														12698.03	0	2.043307	0.5086185	1.96611	0.0001	0	0.001270602	0.001269794	4.53E-05	900	-51.43754	-54.95707	407379328	0
3634041125	1.799595356	49550.32422	54.51136	0	2.493594	0.4359754	2.293708	0.0001	0	5.46E-06	5.45E-06	2.37E-07	900	-71.19836	-104.0653														105388928	0
3634041136	1.799972892	49550.27344														12743.68	0	2.036887	0.5086185	1.96611	0.0001	0	0.001275164	0.001274359	4.53E-05	900	-49.0964	-52.60138	407379328	0
3634041154	1.799563885	50561.73438	29.0837	0	2.113006	0.4359754	2.293708	0.0001	0	2.91E-06	2.91E-06	1.07E-07	900	-82.42295	-98.8797														105388928	0
3634041165	1.799927354	50561.72266														12785.18	0	2.043476	0.5086185	1.96611	0.0001	0	0.001279322	0.001278509	4.56E-05	900	-51.40099	-54.96268	407379328	0
3634041183	1.799669862	51572.85938	15.21192	0	1.985357	0.4359754	2.293708	0.0001	0	1.52E-06	1.52E-06	5.27E-08	900	-92.21288	-99.51843														105388928	0
3634041194	1.799980044	51572.80859														12795.99	0	2.043674	0.5086185	1.96611	0.0001	0	0.001280404	0.001279589	4.57E-05	900	-51.33261	-54.88291	407379328	0
3634041212	1.799647808	52584.01563	4.207613	0	0.3599064	0.4359754	2.293708	0.0001	0	4.21E-07	4.21E-07	2.64E-09	900	-101.6478	-105.0308														105388928	0
3634041223	1.800093174	52583.98047														12776.18	0	2.036788	0.5086185	1.96611	0.0001	0	0.001278417	0.001277609	4.54E-05	900	-48.98915	-52.49092	407379328	0
3634041241	1.799592137	53595.25781	0.2939611	0	-21.05918	0.4359754	2.293708	0.0001	0	3.15E-08	2.94E-08	-1.13E-08	900	-103.3261	-115.7881														105388928	0
3634041252	1.80001688	53595.26953														12777.52	0	2.037879	0.5086185	1.96611	0.0001	0	0.001278551	0.001277742	4.55E-05	900	-49.10981	-52.65989	407379328	0
3634041269	1.799672127	54606.55859	-0.00567337	0	-92.56632	0.4359754	2.293708	0.0001	0	1.27E-08	-5.67E-10	-1.27E-08	900	-105.7515	-104.4245														105388928	0
3634041281	1.800011396	54606.58203														12795.06	0	2.044366	0.5086185	1.96611	0.0001	0	0.001280312	0.001279497	4.57E-05	900	-51.35648	-54.90162	407379328	0
3634041299	1.799839497	55617.91016	0.01096551	0	-84.12993	0.4359754	2.293708	0.0001	0	1.07E-08	1.10E-09	-1.07E-08	900	-100.4034	-112.1052														105388928	0
3634041310	1.799992681	55617.88672														12795.15	0	2.044133	0.5086185	1.96611	0.0001	0	0.00128032	0.001279505	4.57E-05	900	-51.33769	-54.94478	407379328	0
3634041328	1.799704313	56629.1875	0.09955692	0	-38.10712	0.4359754	2.293708	0.0001	0	1.27E-08	9.96E-09	-7.81E-09	900	-105.0197	-100.9														105388928	0
3634041339	1.799932122	56629.1875														12794.25	0	2.042598	0.5086185	1.96611	0.0001	0	0.001280229	0.001279415	4.56E-05	900	-51.24773	-54.79572	407379328	0
3634041357	1.799522281	57640.22656	-0.06084987	0	-125.2199	0.4359754	2.293708	0.0001	0	1.06E-08	-6.08E-09	-8.62E-09	900	-98.87462	-114.4082														105388928	0
3634041368	1.800140262	57640.23828														12776.13	0	2.037093	0.5086185	1.96611	0.0001	0	0.001278411	0.001277603	4.54E-05	900	-49.01762	-52.55905	407379328	0
3634041386	1.799408317	58651.53906	-0.01352173	0	-94.43614	0.4359754	2.293708	0.0001	0	1.75E-08	-1.35E-09	-1.74E-08	900	-103.3912	-121.4847														105388928	0
3634041397	1.800083637	58651.52734														12794.64	0	2.043899	0.5086185	1.96611	0.0001	0	0.001280269	0.001279455	4.57E-05	900	-51.30284	-54.86679	407379328	0
3634041415	1.799457908	59662.70703	-0.006548225	0	-100.1134	0.4359754	2.293708	0.0001	0	3.73E-09	-6.55E-10	-3.67E-09	900	-98.49038	-109.4														105388928	0
3634041426	1.79992187	59662.68359														12794.77	0	2.043501	0.5086185	1.96611	0.0001	0	0.001280281	0.001279467	4.57E-05	900	-51.26521	-54.84528	407379328	0
3634041443	1.799482107	60674.13281	1.151828	0	-3.99647	0.4359754	2.293708	0.0001	0	1.15E-07	1.15E-07	-8.05E-09	900	-92.50228	-108.4872														105388928	0
3634041454	1.800059438	60674.12109														12794.27	0	2.044179	0.5086185	1.96611	0.0001	0	0.001280233	0.001279418	4.57E-05	900	-51.24757	-54.79478	407379328	0
3634041471	1.799481392	61685.55469	14.96843	0	2.003193	0.4359754	2.293708	0.0001	0	1.50E-06	1.50E-06	5.24E-08	900	-79.78072	-104.4263														105388928	0
3634041482	1.799884915	61685.61328														12794.93	0	2.043758	0.5086185	1.96611	0.0001	0	0.001280298	0.001279484	4.57E-05	900	-51.32587	-54.85492	407379328	0
3634041499	1.799491525	62696.79688	88.07179	0	2.289604	0.4359754	2.293708	0.0001	0	8.81E-06	8.81E-06	3.52E-07	900	-66.91579	-90.64536														105388928	0
3634041511	1.799887419	62696.76563														12781.44	0	2.03719	0.5086185	1.96611	0.0001	0	0.001278943	0.001278134	4.55E-05	900	-49.04679	-52.55368	407379328	0
3634041528	1.799595952	63708.07031	309.1468	0	2.355573	0.4359754	2.293708	0.0001	0	3.09E-05	3.09E-05	1.27E-06	900	-58.72023	-84.94008														105388928	0
3634041539	1.799992681	63708.01953														12814.24	0	2.04359	0.5086185	1.96611	0.0001	0	0.00128223	0.001281414	4.57E-05	900	-51.22032	-54.80036	407379328	0
3634041556	1.799604774	64719.23828	783.7787	0	2.382968	0.4359754	2.293708	0.0001	0	7.84E-05	7.84E-05	3.26E-06	900	-52.91637	-78.72222														105388928	0
3634041567	1.800174117	64719.22656														12869.05	0	2.044147	0.5086185	1.96611	0.0001	0	0.001287715	0.001286896	4.59E-05	900	-50.89054	-54.50266	407379328	0
3634041584	1.799569249	65730.34375	1546.536	0	2.393724	0.4359754	2.293708	0.0001	0	0.000154787	0.000154652	6.46E-06	900	-49.08176	-72.34995														105388928	0
3634041595	1.799981713	65730.375														13027.24	0	2.043245	0.5086185	1.96611	0.0001	0	0.001303544	0.001302715	4.65E-05	900	-50.83202	-54.62803	407379328	0
3634041613	1.799560785	66741.82813	2542.358	0	2.390985	0.4359754	2.293708	0.0001	0	0.000254454	0.000254233	1.06E-05	900	-46.76448	-69.13342														105388928	0
3634041624	1.800005198	66741.80469														13364.48	0	2.043174	0.5086185	1.96611	0.0001	0	0.001337288	0.001336438	4.77E-05	900	-49.88232	-54.46935	407379328	0
3634041642	1.799694896	67753.10938	3629.875	0	2.38453	0.4359754	2.293708	0.0001	0	0.000363298	0.000362983	1.51E-05	900	-45.63541	-69.19527														105388928	0
3634041653	1.79997766	67752.99219														13921.98	0	2.042018	0.5086185	1.96611	0.0001	0	0.001393073	0.001392188	4.96E-05	900	-48.1856	-54.113	407379328	0
3634041671	1.79992187	68764.25781	4638.004	0	2.385131	0.4359754	2.293708	0.0001	0	0.000464197	0.000463795	1.93E-05	900	-45.7737	-67.86957														105388928	0
3634041682	1.799883366	68764.22656														14657.4	0	2.040537	0.5086185	1.96611	0.0001	0	0.001466659	0.001465729	5.22E-05	900	-46.65655	-53.90228	407379328	0
3634041700	1.79966116	69775.54688	5434.146	0	2.382185	0.4359754	2.293708	0.0001	0	0.000543878	0.000543408	2.26E-05	900	-46.89982	-64.57907														105388928	0
3634041711	1.800071239	69775.57813														15461.25	0	2.039491	0.5086185	1.96611	0.0001	0	0.001547094	0.001546114	5.51E-05	900	-45.79152	-53.46428	407379328	0
3634041729	1.799753785	70786.82031	5986.979	0	2.383849	0.4359754	2.293708	0.0001	0	0.00059921	0.000598691	2.49E-05	900	-48.96841	-66.81001														105388928	0
3634041740	1.799939871	70786.82031														16227.61	0	2.039082	0.5086185	1.96611	0.0001	0	0.001623778	0.001622749	5.78E-05	900	-45.55147	-53.08605	407379328	0
3634041758	1.799761772	71797.92188	6308.135	0	2.383848	0.4359754	2.293708	0.0001	0	0.000631353	0.000630806	2.63E-05	900	-51.34288	-66.60509														105388928	0
3634041769	1.79995954	71797.92188														16897.31	0	2.038121	0.5086185	1.96611	0.0001	0	0.001690788	0.001689718	6.01E-05	900	-45.74221	-52.90094	407379328	0
3634041787	1.799925923	72809.20313	6463.949	0	2.383402	0.4359754	2.293708	0.0001	0	0.000646947	0.000646387	2.69E-05	900	-53.69461	-66.53571														105388928	0
3634041799	1.799985647	72809.19531														17448.75	0	2.036813	0.5086185	1.96611	0.0001	0	0.001745965	0.001744862	6.21E-05	900	-45.78602	-52.21311	407379328	0
3634041817	1.799832344	73820.4375	6513.498	0	2.382118	0.4359754	2.293708	0.0001	0	0.000651906	0.000651342	2.71E-05	900	-55.53326	-66.48188														105388928	0
3634041829	1.800005198	73820.44531														17906.16	0	2.036799	0.5086185	1.96611	0.0001	0	0.001791735	0.001790603	6.37E-05	900	-46.0886	-52.13973	407379328	0
3634041847	1.799881816	74831.54688	6505.545	0	2.382078	0.4359754	2.293708	0.0001	0	0.00065111	0.000650547	2.71E-05	900	-56.57713	-66.37373														105388928	0
3634041858	1.800045967	74831.50781														18285.42	0	2.036229	0.5086185	1.96611	0.0001	0	0.001829684	0.001828528	6.50E-05	900	-46.22029	-51.89201	407379328	0
3634041876	1.799651027	75842.89063	6473.204	0	2.382924	0.4359754	2.293708	0.0001	0	0.000647873	0.000647313	2.69E-05	900	-56.97234	-66.25841														105388928	0
3634041887	1.799961209	75842.92188														18612.28	0	2.036108	0.5086185	1.96611	0.0001	0	0.00186239	0.001861214	6.62E-05	900	-46.26482	-51.74197	407379328	0
3634041905	1.799803376	76853.99219	6431.837	0	2.38017	0.4359754	2.293708	0.0001	0	0.000643732	0.000643176	2.67E-05	900	-56.15097	-63.56363														105388928	0
3634041916	1.799940825	76854.05469														18908.79	0	2.035914	0.5086185	1.96611	0.0001	0	0.00189206	0.001890865	6.72E-05	900	-46.24721	-51.58326	407379328	0
3634041934	1.799764752	77865.47656	6402.394	0	2.379685	0.4359754	2.293708	0.0001	0	0.000640785	0.000640232	2.66E-05	900	-56.06186	-63.79698														105388928	0
3634041945	1.799953341	77865.45313														19190	0	2.035362	0.5086185	1.96611	0.0001	0	0.001920197	0.001918986	6.82E-05	900	-46.12971	-51.36574	407379328	0
3634041963	1.799861431	78876.65625	6383.691	0	2.379281	0.4359754	2.293708	0.0001	0	0.000638913	0.000638362	2.65E-05	900	-55.6792	-63.53111														105388928	0
3634041974	1.799940825	78876.64063														19467.76	0	2.035302	0.5086185	1.96611	0.0001	0	0.00194799	0.001946761	6.92E-05	900	-46.03455	-51.33286	407379328	0
3634041992	1.799839497	79887.76563	6383.484	0	2.383068	0.4359754	2.293708	0.0001	0	0.000638894	0.000638341	2.66E-05	900	-55.81756	-65.93781														105388928	0
3634042003	1.799994946	79887.8125														19749.54	0	2.034571	0.5086185	1.96611	0.0001	0	0.001976185	0.001974939	7.02E-05	900	-45.71196	-51.03902	407379328	0
3634042021	1.799872398	80899.09375	6388.398	0	2.382496	0.4359754	2.293708	0.0001	0	0.000639385	0.000638832	2.66E-05	900	-55.11003	-65.61796														105388928	0
3634042033	1.799998045	80899.09375														20044.79	0	2.034584	0.5086185	1.96611	0.0001	0	0.002005728	0.002004464	7.12E-05	900	-45.57215	-51.04554	407379328	0
3634042051	1.79984951	81910.35938	6407.225	0	2.381526	0.4359754	2.293708	0.0001	0	0.000641269	0.000640715	2.66E-05	900	-54.56878	-65.67123														105388928	0
3634042062	1.799969077	81910.39063														20346.04	0	2.034065	0.5086185	1.96611	0.0001	0	0.002035872	0.002034589	7.23E-05	900	-45.22664	-50.88676	407379328	0
3634042080	1.799840927	82921.65625	6432.938	0	2.381165	0.4359754	2.293708	0.0001	0	0.000643842	0.000643286	2.67E-05	900	-54.50574	-65.85262														105388928	0
3634042092	1.800002098	82921.64063														20658.98	0	2.033686	0.5086185	1.96611	0.0001	0	0.002067185	0.002065883	7.34E-05	900	-45.07521	-50.82425	407379328	0
3634042110	1.799914956	83932.74219	6447.581	0	2.379934	0.4359754	2.293708	0.0001	0	0.000645307	0.000644751	2.68E-05	900	-54.41826	-62.48														105388928	0
3634042122	1.79995656	83932.74219														20991.42	0	2.033715	0.5086185	1.96611	0.0001	0	0.00210045	0.002099127	7.45E-05	900	-44.69519	-50.54196	407379328	0
3634042141	1.799919486	84943.98438	6458.589	0	2.381151	0.4359754	2.293708	0.0001	0	0.00064641	0.000645851	2.69E-05	900	-54.55524	-64.3861														105388928	0
3634042152	1.800016165	84943.94531														21339.24	0	2.033368	0.5086185	1.96611	0.0001	0	0.002135253	0.002133909	7.58E-05	900	-44.2395	-50.46344	407379328	0
3634042170	1.799811959	85955.25781	6440.824	0	2.382139	0.4359754	2.293708	0.0001	0	0.000644632	0.000644075	2.68E-05	900	-55.18652	-62.90725														105388928	0
3634042182	1.800075889	85955.25														21709	0	2.032944	0.5086185	1.96611	0.0001	0	0.002172251	0.002170884	7.71E-05	900	-43.75967	-50.30807	407379328	0
3634042200	1.799800992	86966.54688	6373.439	0	2.381812	0.4359754	2.293708	0.0001	0	0.000637888	0.000637337	2.65E-05	900	-55.56551	-60.9927														105388928	0
3634042212	1.79995656	86966.52344														22117.83	0	2.032302	0.5086185	1.96611	0.0001	0	0.002213159	0.002211767	7.85E-05	900	-43.24947	-50.43254	407379328	0
3634042230	1.799859881	87977.80469	6260.46	0	2.381032	0.4359754	2.293708	0.0001	0	0.00062658	0.000626039	2.60E-05	900	-60.42155	-60.52474														105388928	0
3634042241	1.80003345	87977.76563														22512.71	0	2.032198	0.5086185	1.96611	0.0001	0	0.002252671	0.002251255	7.99E-05	900	-43.2365	-50.2413	407379328	0
3634042259	1.799778938	88988.9375	6073.076	0	2.382695	0.4359754	2.293708	0.0001	0	0.000607826	0.000607301	2.53E-05	900	-61.1721	-57.18526														105388928	0
3634042270	1.799976945	88988.9375														22921.9	0	2.031054	0.5086185	1.96611	0.0001	0	0.002293614	0.002292173	8.13E-05	900	-42.93948	-49.76607	407379328	0
3634042288	1.799926519	90000.09375	5814.352	0	2.383129	0.4359754	2.293708	0.0001	0	0.000581932	0.000581428	2.42E-05	900	-61.81818	-56.7185														105388928	0
3634042300	1.799998879	90000.08594														23339.08	0	2.031154	0.5086185	1.96611	0.0001	0	0.002335358	0.002333891	8.28E-05	900	-42.59563	-49.66563	407379328	0
